  1.1909193e+000	
  1.3729193e+000	
  1.6389193e+000	
  1.7549193e+000	
  1.7589193e+000	
  1.8209193e+000	
  1.7999193e+000	
  1.7599193e+000	
  1.6759193e+000	
  1.5239193e+000	
  1.3649193e+000	
  1.1919193e+000	
  9.8391933e-001	
  7.6491933e-001	
  4.4591933e-001	
  1.4791933e-001	
 -1.6508067e-001	
 -4.8608067e-001	
 -7.5708067e-001	
 -9.9608067e-001	
 -1.2580807e+000	
 -1.5280807e+000	
 -1.7520807e+000	
 -1.8760807e+000	
 -2.0400807e+000	
 -2.1410807e+000	
 -2.2090807e+000	
 -2.1900807e+000	
 -2.1800807e+000	
 -2.1700807e+000	
 -2.0780807e+000	
 -1.8840807e+000	
 -1.7900807e+000	
 -1.6530807e+000	
 -1.4640807e+000	
 -1.2520807e+000	
 -1.0080807e+000	
 -6.8908067e-001	
 -3.6708067e-001	
 -9.8080667e-002	
  1.8691933e-001	
  4.3491933e-001	
  6.4491933e-001	
  8.0091933e-001	
  9.2491933e-001	
  1.0079193e+000	
  1.1269193e+000	
  1.1229193e+000	
  1.0909193e+000	
  1.0549193e+000	
  9.4691933e-001	
  8.2691933e-001	
  6.3191933e-001	
  4.6291933e-001	
  2.7591933e-001	
  3.5919333e-002	
 -2.3508067e-001	
 -5.0108067e-001	
 -8.1108067e-001	
 -1.0570807e+000	
 -1.2530807e+000	
 -1.4430807e+000	
 -1.6590807e+000	
 -1.8730807e+000	
 -1.9730807e+000	
 -2.0620807e+000	
 -2.1190807e+000	
 -2.1440807e+000	
 -2.1230807e+000	
 -2.0560807e+000	
 -2.0350807e+000	
 -1.8890807e+000	
 -1.7080807e+000	
 -1.5580807e+000	
 -1.3740807e+000	
 -1.1190807e+000	
 -8.1508067e-001	
 -4.8508067e-001	
 -1.4808067e-001	
  2.1291933e-001	
  4.9291933e-001	
  7.2191933e-001	
  1.0319193e+000	
  1.1369193e+000	
  1.3829193e+000	
  1.5189193e+000	
  1.6389193e+000	
  1.6469193e+000	
  1.5959193e+000	
  1.6109193e+000	
  1.5399193e+000	
  1.4429193e+000	
  1.2919193e+000	
  1.0889193e+000	
  9.0491933e-001	
  6.9691933e-001	
  4.8491933e-001	
  1.7691933e-001	
 -1.5008067e-001	
 -3.6108067e-001	
 -7.0508067e-001	
 -9.6608067e-001	
 -1.2230807e+000	
 -1.4320807e+000	
 -1.6540807e+000	
 -1.8130807e+000	
 -1.9550807e+000	
 -2.0890807e+000	
 -2.1320807e+000	
 -2.1470807e+000	
 -2.1180807e+000	
 -2.1330807e+000	
 -2.0140807e+000	
 -1.8950807e+000	
 -1.7100807e+000	
 -1.5180807e+000	
 -1.3360807e+000	
 -1.1160807e+000	
 -8.3408067e-001	
 -5.1108067e-001	
 -1.7208067e-001	
  5.4919333e-002	
  3.6091933e-001	
  6.4591933e-001	
  8.5991933e-001	
  1.0639193e+000	
  1.1249193e+000	
  1.2889193e+000	
  1.3259193e+000	
  1.3579193e+000	
  1.2839193e+000	
  1.2099193e+000	
  1.0849193e+000	
  9.2891933e-001	
  7.5791933e-001	
  5.7891933e-001	
  3.3991933e-001	
  6.3919333e-002	
 -2.9108067e-001	
 -5.3308067e-001	
 -8.3808067e-001	
 -1.1060807e+000	
 -1.3790807e+000	
 -1.5550807e+000	
 -1.7170807e+000	
 -1.9170807e+000	
 -2.0890807e+000	
 -2.1620807e+000	
 -2.1990807e+000	
 -2.1930807e+000	
 -2.1790807e+000	
 -2.0840807e+000	
 -1.9620807e+000	
 -1.7650807e+000	
 -1.5770807e+000	
 -1.3920807e+000	
 -1.1490807e+000	
 -8.6508067e-001	
 -4.6108067e-001	
 -7.0080667e-002	
  3.0191933e-001	
  5.7091933e-001	
  8.7991933e-001	
  1.0979193e+000	
  1.3019193e+000	
  1.4109193e+000	
  1.5299193e+000	
  1.5339193e+000	
  1.5499193e+000	
  1.5189193e+000	
  1.4689193e+000	
  1.4269193e+000	
  1.2449193e+000	
  1.0349193e+000	
  8.1591933e-001	
  6.1291933e-001	
  3.6791933e-001	
  2.9193333e-003	
 -3.0208067e-001	
 -5.9708067e-001	
 -8.9808067e-001	
 -1.1710807e+000	
 -1.4900807e+000	
 -1.6730807e+000	
 -1.9510807e+000	
 -2.0840807e+000	
 -2.1980807e+000	
 -2.2510807e+000	
 -2.2680807e+000	
 -2.2160807e+000	
 -2.1480807e+000	
 -2.0400807e+000	
 -1.9380807e+000	
 -1.7760807e+000	
 -1.6100807e+000	
 -1.3690807e+000	
 -1.1450807e+000	
 -8.1708067e-001	
 -4.6408067e-001	
 -1.0708067e-001	
  1.8191933e-001	
  4.4591933e-001	
  6.8091933e-001	
  8.6091933e-001	
  1.0249193e+000	
  1.0679193e+000	
  1.1909193e+000	
  1.1189193e+000	
  1.1179193e+000	
  1.0199193e+000	
  9.1291933e-001	
  7.8991933e-001	
  5.8291933e-001	
  4.1691933e-001	
  1.9091933e-001	
 -4.2080667e-002	
 -3.3508067e-001	
 -6.2508067e-001	
 -9.1808067e-001	
 -1.2010807e+000	
 -1.3710807e+000	
 -1.6020807e+000	
 -1.7960807e+000	
 -1.8940807e+000	
 -2.0170807e+000	
 -2.1590807e+000	
 -2.1720807e+000	
 -2.1980807e+000	
 -2.1230807e+000	
 -2.0770807e+000	
 -2.0060807e+000	
 -1.8600807e+000	
 -1.7040807e+000	
 -1.5190807e+000	
 -1.2850807e+000	
 -9.8508067e-001	
 -6.0408067e-001	
 -2.8708067e-001	
 -5.0806667e-003	
  2.9491933e-001	
  4.6991933e-001	
  7.3391933e-001	
  9.5991933e-001	
  1.0959193e+000	
  1.1649193e+000	
  1.1999193e+000	
  1.2269193e+000	
  1.2579193e+000	
  1.1979193e+000	
  1.1109193e+000	
  9.5691933e-001	
  8.2391933e-001	
  6.6891933e-001	
  4.6391933e-001	
  2.9491933e-001	
  7.3919333e-002	
 -1.6408067e-001	
 -4.7808067e-001	
 -7.1108067e-001	
 -9.9008067e-001	
 -1.1520807e+000	
 -1.3630807e+000	
 -1.5120807e+000	
 -1.6430807e+000	
 -1.7940807e+000	
 -1.8390807e+000	
 -1.8840807e+000	
 -1.9010807e+000	
 -1.8260807e+000	
 -1.7910807e+000	
 -1.6710807e+000	
 -1.5440807e+000	
 -1.3510807e+000	
 -1.2060807e+000	
 -9.5708067e-001	
 -6.9808067e-001	
 -3.3908067e-001	
  3.9919333e-002	
  3.6491933e-001	
  6.5691933e-001	
  9.7291933e-001	
  1.2429193e+000	
  1.4179193e+000	
  1.6269193e+000	
  1.7709193e+000	
  1.8579193e+000	
  1.8769193e+000	
  1.9169193e+000	
  1.9139193e+000	
  1.7599193e+000	
  1.6449193e+000	
  1.5269193e+000	
  1.3629193e+000	
  1.2319193e+000	
  1.0169193e+000	
  8.3591933e-001	
  6.0391933e-001	
  2.9891933e-001	
  4.1919333e-002	
 -2.6408067e-001	
 -5.4708067e-001	
 -8.1408067e-001	
 -1.0580807e+000	
 -1.2630807e+000	
 -1.4760807e+000	
 -1.5810807e+000	
 -1.7010807e+000	
 -1.7640807e+000	
 -1.8320807e+000	
 -1.7680807e+000	
 -1.7350807e+000	
 -1.6940807e+000	
 -1.5880807e+000	
 -1.4320807e+000	
 -1.2480807e+000	
 -1.0600807e+000	
 -8.0508067e-001	
 -4.8508067e-001	
 -1.4708067e-001	
  1.7991933e-001	
  4.8791933e-001	
  8.2191933e-001	
  1.0319193e+000	
  1.2529193e+000	
  1.3969193e+000	
  1.5779193e+000	
  1.6829193e+000	
  1.7969193e+000	
  1.7909193e+000	
  1.7189193e+000	
  1.6749193e+000	
  1.5659193e+000	
  1.4129193e+000	
  1.2139193e+000	
  1.0399193e+000	
  8.3791933e-001	
  6.2791933e-001	
  3.3291933e-001	
  2.9919333e-002	
 -2.7408067e-001	
 -5.4508067e-001	
 -7.8208067e-001	
 -1.0550807e+000	
 -1.2720807e+000	
 -1.4530807e+000	
 -1.6070807e+000	
 -1.6980807e+000	
 -1.7940807e+000	
 -1.8060807e+000	
 -1.7910807e+000	
 -1.7390807e+000	
 -1.5680807e+000	
 -1.4610807e+000	
 -1.3270807e+000	
 -1.1350807e+000	
 -9.4508067e-001	
 -7.1308067e-001	
 -3.8108067e-001	
 -3.7080667e-002	
  2.8091933e-001	
  6.3391933e-001	
  8.6891933e-001	
  1.1249193e+000	
  1.3329193e+000	
  1.4899193e+000	
  1.6049193e+000	
  1.6639193e+000	
  1.7919193e+000	
  1.8609193e+000	
  1.7939193e+000	
  1.6919193e+000	
  1.5589193e+000	
  1.4239193e+000	
  1.2329193e+000	
  1.0519193e+000	
  8.2291933e-001	
  5.8591933e-001	
  3.4491933e-001	
  2.0919333e-002	
 -2.5808067e-001	
 -5.9808067e-001	
 -8.0408067e-001	
 -1.0730807e+000	
 -1.2980807e+000	
 -1.4570807e+000	
 -1.5550807e+000	
 -1.7580807e+000	
 -1.7560807e+000	
 -1.7770807e+000	
 -1.7580807e+000	
 -1.7120807e+000	
 -1.5940807e+000	
 -1.5350807e+000	
 -1.3830807e+000	
 -1.2450807e+000	
 -1.0290807e+000	
 -8.2608067e-001	
 -5.1608067e-001	
 -2.0108067e-001	
  8.8919333e-002	
  3.9191933e-001	
  6.9091933e-001	
  1.0189193e+000	
  1.2829193e+000	
  1.5369193e+000	
  1.7119193e+000	
  1.8569193e+000	
  1.9229193e+000	
  2.0429193e+000	
  2.0169193e+000	
  2.0109193e+000	
  1.9649193e+000	
  1.8469193e+000	
  1.6989193e+000	
  1.5139193e+000	
  1.3369193e+000	
  1.1579193e+000	
  9.3091933e-001	
  5.8191933e-001	
  2.4291933e-001	
 -1.2808067e-001	
 -4.0708067e-001	
 -7.4008067e-001	
 -1.0560807e+000	
 -1.3070807e+000	
 -1.5720807e+000	
 -1.7490807e+000	
 -1.9220807e+000	
 -2.0760807e+000	
 -2.1670807e+000	
 -2.1750807e+000	
 -2.1650807e+000	
 -2.0800807e+000	
 -1.9320807e+000	
 -1.8040807e+000	
 -1.5990807e+000	
 -1.3650807e+000	
 -1.0940807e+000	
 -8.0908067e-001	
 -4.2108067e-001	
 -3.1080667e-002	
  3.0291933e-001	
  6.3491933e-001	
  9.5691933e-001	
  1.2669193e+000	
  1.5629193e+000	
  1.7359193e+000	
  1.9349193e+000	
  2.0449193e+000	
  2.0669193e+000	
  2.1019193e+000	
  2.0559193e+000	
  1.9899193e+000	
  1.8629193e+000	
  1.6979193e+000	
  1.5389193e+000	
  1.3489193e+000	
  1.0919193e+000	
  8.7391933e-001	
  5.4491933e-001	
  2.2491933e-001	
 -1.1308067e-001	
 -4.3708067e-001	
 -7.4008067e-001	
 -9.7908067e-001	
 -1.2360807e+000	
 -1.4540807e+000	
 -1.6170807e+000	
 -1.7980807e+000	
 -1.9820807e+000	
 -2.0470807e+000	
 -2.0400807e+000	
 -2.0620807e+000	
 -2.0260807e+000	
 -1.9510807e+000	
 -1.8500807e+000	
 -1.7120807e+000	
 -1.5910807e+000	
 -1.3760807e+000	
 -1.1980807e+000	
 -9.3208067e-001	
 -5.7708067e-001	
 -2.2308067e-001	
  1.0591933e-001	
  4.1391933e-001	
  7.2391933e-001	
  1.0139193e+000	
  1.2259193e+000	
  1.4619193e+000	
  1.5749193e+000	
  1.6969193e+000	
  1.6639193e+000	
  1.7059193e+000	
  1.6049193e+000	
  1.5219193e+000	
  1.4129193e+000	
  1.2769193e+000	
  1.1319193e+000	
  9.5091933e-001	
  7.8991933e-001	
  5.8491933e-001	
  3.0791933e-001	
  1.0691933e-001	
 -1.1308067e-001	
 -3.8308067e-001	
 -5.9308067e-001	
 -8.3008067e-001	
 -1.0020807e+000	
 -1.1690807e+000	
 -1.3140807e+000	
 -1.4360807e+000	
 -1.4400807e+000	
 -1.4770807e+000	
 -1.4640807e+000	
 -1.4120807e+000	
 -1.3880807e+000	
 -1.2500807e+000	
 -1.1290807e+000	
 -9.7208067e-001	
 -7.7308067e-001	
 -5.3908067e-001	
 -2.7408067e-001	
  9.9919333e-002	
  4.2591933e-001	
  7.4991933e-001	
  1.0009193e+000	
  1.1929193e+000	
  1.4399193e+000	
  1.5939193e+000	
  1.7399193e+000	
  1.8109193e+000	
  1.8679193e+000	
  1.8759193e+000	
  1.8129193e+000	
  1.6789193e+000	
  1.5919193e+000	
  1.4819193e+000	
  1.3089193e+000	
  1.1489193e+000	
  9.4691933e-001	
  7.4591933e-001	
  5.1291933e-001	
  2.2091933e-001	
 -6.7080667e-002	
 -3.3508067e-001	
 -5.0508067e-001	
 -7.2708067e-001	
 -9.7408067e-001	
 -1.1280807e+000	
 -1.3340807e+000	
 -1.4820807e+000	
 -1.5610807e+000	
 -1.5980807e+000	
 -1.6700807e+000	
 -1.6330807e+000	
 -1.6070807e+000	
 -1.5260807e+000	
 -1.4510807e+000	
 -1.2950807e+000	
 -1.0850807e+000	
 -9.4608067e-001	
 -7.5308067e-001	
 -4.3508067e-001	
 -1.2808067e-001	
  1.8291933e-001	
  5.0791933e-001	
  8.0391933e-001	
  9.2491933e-001	
  1.1579193e+000	
  1.3109193e+000	
  1.4449193e+000	
  1.5129193e+000	
  1.5299193e+000	
  1.5729193e+000	
  1.4479193e+000	
  1.3029193e+000	
  1.1429193e+000	
  9.7091933e-001	
  7.1991933e-001	
  4.9191933e-001	
  2.9191933e-001	
 -5.1080667e-002	
 -3.8608067e-001	
 -7.2408067e-001	
 -9.7008067e-001	
 -1.2560807e+000	
 -1.5050807e+000	
 -1.7120807e+000	
 -1.9320807e+000	
 -2.0600807e+000	
 -2.1850807e+000	
 -2.2530807e+000	
 -2.2470807e+000	
 -2.2040807e+000	
 -2.0950807e+000	
 -1.9860807e+000	
 -1.8480807e+000	
 -1.6720807e+000	
 -1.4340807e+000	
 -1.2030807e+000	
 -9.8108067e-001	
 -6.3308067e-001	
 -2.2108067e-001	
  1.7291933e-001	
  4.6991933e-001	
  7.7591933e-001	
  1.0529193e+000	
  1.2569193e+000	
  1.4799193e+000	
  1.6609193e+000	
  1.7449193e+000	
  1.8559193e+000	
  1.8599193e+000	
  1.7539193e+000	
  1.6829193e+000	
  1.5269193e+000	
  1.3569193e+000	
  1.1499193e+000	
  9.6491933e-001	
  7.6391933e-001	
  5.1291933e-001	
  2.3991933e-001	
 -1.1708067e-001	
 -4.2408067e-001	
 -6.9908067e-001	
 -1.0040807e+000	
 -1.2660807e+000	
 -1.5230807e+000	
 -1.7150807e+000	
 -1.8950807e+000	
 -1.9660807e+000	
 -2.0380807e+000	
 -2.0790807e+000	
 -2.0760807e+000	
 -1.9960807e+000	
 -1.9220807e+000	
 -1.7800807e+000	
 -1.6390807e+000	
 -1.4230807e+000	
 -1.2070807e+000	
 -9.6708067e-001	
 -6.3408067e-001	
 -2.5008067e-001	
  3.6919333e-002	
  4.5291933e-001	
  7.4591933e-001	
  1.0629193e+000	
  1.2679193e+000	
  1.5729193e+000	
  1.7059193e+000	
  1.8419193e+000	
  1.9639193e+000	
  2.0229193e+000	
  2.0119193e+000	
  1.9899193e+000	
  1.9009193e+000	
  1.7939193e+000	
  1.6519193e+000	
  1.4639193e+000	
  1.2549193e+000	
  1.0139193e+000	
  7.5991933e-001	
  4.2791933e-001	
  5.3919333e-002	
 -2.5508067e-001	
 -5.6508067e-001	
 -8.6708067e-001	
 -1.1010807e+000	
 -1.3850807e+000	
 -1.5520807e+000	
 -1.7570807e+000	
 -1.9680807e+000	
 -2.0470807e+000	
 -2.0600807e+000	
 -2.0720807e+000	
 -2.0460807e+000	
 -1.9360807e+000	
 -1.8190807e+000	
 -1.6550807e+000	
 -1.4410807e+000	
 -1.2640807e+000	
 -1.0350807e+000	
 -7.8208067e-001	
 -3.8108067e-001	
 -6.0080667e-002	
  3.1591933e-001	
  6.2591933e-001	
  9.0691933e-001	
  1.1369193e+000	
  1.3119193e+000	
  1.4749193e+000	
  1.5859193e+000	
  1.6489193e+000	
  1.6509193e+000	
  1.6069193e+000	
  1.5789193e+000	
  1.5279193e+000	
  1.3299193e+000	
  1.1689193e+000	
  9.8291933e-001	
  7.7291933e-001	
  5.7791933e-001	
  2.7491933e-001	
 -3.6080667e-002	
 -3.7208067e-001	
 -6.8208067e-001	
 -9.6008067e-001	
 -1.1830807e+000	
 -1.4550807e+000	
 -1.6730807e+000	
 -1.8330807e+000	
 -1.9540807e+000	
 -2.1000807e+000	
 -2.1170807e+000	
 -2.1470807e+000	
 -2.1300807e+000	
 -2.0650807e+000	
 -1.9450807e+000	
 -1.8430807e+000	
 -1.6860807e+000	
 -1.5320807e+000	
 -1.3090807e+000	
 -1.1150807e+000	
 -8.4408067e-001	
 -4.7208067e-001	
 -1.5708067e-001	
  1.6691933e-001	
  4.7591933e-001	
  7.6691933e-001	
  9.7391933e-001	
  1.1729193e+000	
  1.3769193e+000	
  1.4809193e+000	
  1.5589193e+000	
  1.6889193e+000	
  1.6609193e+000	
  1.6479193e+000	
  1.5749193e+000	
  1.4669193e+000	
  1.3089193e+000	
  1.1079193e+000	
  9.5591933e-001	
  7.3891933e-001	
  5.3291933e-001	
  2.3191933e-001	
 -5.5080667e-002	
 -3.5208067e-001	
 -6.6908067e-001	
 -9.2508067e-001	
 -1.1670807e+000	
 -1.3720807e+000	
 -1.6240807e+000	
 -1.7620807e+000	
 -1.8770807e+000	
 -1.9480807e+000	
 -1.9760807e+000	
 -1.9640807e+000	
 -1.8760807e+000	
 -1.6960807e+000	
 -1.5430807e+000	
 -1.3660807e+000	
 -1.1600807e+000	
 -8.9408067e-001	
 -6.1908067e-001	
 -2.0808067e-001	
  1.6391933e-001	
  5.5491933e-001	
  8.1791933e-001	
  1.1599193e+000	
  1.4549193e+000	
  1.5799193e+000	
  1.7519193e+000	
  1.8969193e+000	
  1.8999193e+000	
  1.8909193e+000	
  1.8559193e+000	
  1.7679193e+000	
  1.6279193e+000	
  1.4609193e+000	
  1.3069193e+000	
  1.0989193e+000	
  8.9391933e-001	
  6.5391933e-001	
  3.7091933e-001	
  8.0919333e-002	
 -2.2808067e-001	
 -4.9708067e-001	
 -7.2008067e-001	
 -9.8208067e-001	
 -1.1860807e+000	
 -1.2930807e+000	
 -1.4600807e+000	
 -1.5940807e+000	
 -1.6340807e+000	
 -1.6130807e+000	
 -1.6260807e+000	
 -1.5900807e+000	
 -1.4450807e+000	
 -1.3520807e+000	
 -1.1930807e+000	
 -9.9508067e-001	
 -7.3208067e-001	
 -5.2208067e-001	
 -2.0408067e-001	
  1.1491933e-001	
  4.1191933e-001	
  7.5891933e-001	
  9.5091933e-001	
  1.2179193e+000	
  1.4409193e+000	
  1.5689193e+000	
  1.7519193e+000	
  1.8249193e+000	
  1.9329193e+000	
  1.9099193e+000	
  1.8519193e+000	
  1.8249193e+000	
  1.7359193e+000	
  1.5869193e+000	
  1.4789193e+000	
  1.3419193e+000	
  1.1739193e+000	
  9.9891933e-001	
  7.1191933e-001	
  4.1691933e-001	
  1.3091933e-001	
 -1.6008067e-001	
 -4.1008067e-001	
 -6.4108067e-001	
 -8.6508067e-001	
 -1.0690807e+000	
 -1.2530807e+000	
 -1.3690807e+000	
 -1.5280807e+000	
 -1.5590807e+000	
 -1.6380807e+000	
 -1.6620807e+000	
 -1.5740807e+000	
 -1.5320807e+000	
 -1.3940807e+000	
 -1.2900807e+000	
 -1.1190807e+000	
 -9.1608067e-001	
 -6.9408067e-001	
 -4.6708067e-001	
 -1.3408067e-001	
  1.3291933e-001	
  4.1591933e-001	
  7.0491933e-001	
  8.4791933e-001	
  1.0769193e+000	
  1.2479193e+000	
  1.3109193e+000	
  1.3549193e+000	
  1.4429193e+000	
  1.3949193e+000	
  1.3049193e+000	
  1.1789193e+000	
  1.0819193e+000	
  8.7791933e-001	
  6.9191933e-001	
  5.0891933e-001	
  3.1891933e-001	
  2.5919333e-002	
 -2.4208067e-001	
 -5.4808067e-001	
 -7.1508067e-001	
 -9.4008067e-001	
 -1.1210807e+000	
 -1.2960807e+000	
 -1.3760807e+000	
 -1.5190807e+000	
 -1.5670807e+000	
 -1.5960807e+000	
 -1.6100807e+000	
 -1.5240807e+000	
 -1.4210807e+000	
 -1.3120807e+000	
 -1.1600807e+000	
 -9.8508067e-001	
 -7.8408067e-001	
 -5.5408067e-001	
 -2.8408067e-001	
  3.2919333e-002	
  3.3591933e-001	
  6.5691933e-001	
  8.3191933e-001	
  1.0279193e+000	
  1.2019193e+000	
  1.3409193e+000	
  1.4279193e+000	
  1.5199193e+000	
  1.5649193e+000	
  1.5009193e+000	
  1.4239193e+000	
  1.3359193e+000	
  1.2389193e+000	
  1.1019193e+000	
  9.2691933e-001	
  7.8691933e-001	
  5.9791933e-001	
  3.0791933e-001	
  5.5919333e-002	
 -2.5908067e-001	
 -5.3208067e-001	
 -8.1908067e-001	
 -9.8508067e-001	
 -1.1890807e+000	
 -1.3520807e+000	
 -1.4890807e+000	
 -1.5540807e+000	
 -1.6450807e+000	
 -1.6550807e+000	
 -1.6520807e+000	
 -1.6220807e+000	
 -1.5610807e+000	
 -1.4720807e+000	
 -1.3340807e+000	
 -1.1690807e+000	
 -1.0120807e+000	
 -8.0608067e-001	
 -5.9708067e-001	
 -3.0008067e-001	
  3.0919333e-002	
  2.9791933e-001	
  6.1691933e-001	
  9.1891933e-001	
  1.1679193e+000	
  1.3509193e+000	
  1.5069193e+000	
  1.6299193e+000	
  1.6699193e+000	
  1.7329193e+000	
  1.6979193e+000	
  1.6409193e+000	
  1.5669193e+000	
  1.4459193e+000	
  1.2909193e+000	
  1.1219193e+000	
  9.4591933e-001	
  7.5691933e-001	
  5.1791933e-001	
  2.2791933e-001	
 -3.3080667e-002	
 -2.6508067e-001	
 -5.7808067e-001	
 -7.3208067e-001	
 -9.4108067e-001	
 -1.1530807e+000	
 -1.3200807e+000	
 -1.4040807e+000	
 -1.5320807e+000	
 -1.6080807e+000	
 -1.6520807e+000	
 -1.6290807e+000	
 -1.5650807e+000	
 -1.4220807e+000	
 -1.2830807e+000	
 -1.1730807e+000	
 -9.9708067e-001	
 -7.7408067e-001	
 -5.1708067e-001	
 -2.3408067e-001	
  1.4919333e-002	
  3.6591933e-001	
  6.1391933e-001	
  8.8691933e-001	
  1.0259193e+000	
  1.2919193e+000	
  1.4439193e+000	
  1.5429193e+000	
  1.5739193e+000	
  1.6619193e+000	
  1.6059193e+000	
  1.5969193e+000	
  1.4789193e+000	
  1.4339193e+000	
  1.3119193e+000	
  1.1949193e+000	
  1.0439193e+000	
  8.6191933e-001	
  6.7391933e-001	
  4.3191933e-001	
  1.7591933e-001	
 -6.2080667e-002	
 -3.0308067e-001	
 -5.2508067e-001	
 -7.5908067e-001	
 -9.7908067e-001	
 -1.1210807e+000	
 -1.1920807e+000	
 -1.2980807e+000	
 -1.3500807e+000	
 -1.3300807e+000	
 -1.2520807e+000	
 -1.1690807e+000	
 -1.0410807e+000	
 -9.0208067e-001	
 -7.8908067e-001	
 -5.9408067e-001	
 -3.9608067e-001	
 -1.4108067e-001	
  1.5091933e-001	
  4.9091933e-001	
  7.9491933e-001	
  9.6091933e-001	
  1.2099193e+000	
  1.3959193e+000	
  1.5389193e+000	
  1.6689193e+000	
  1.7699193e+000	
  1.7599193e+000	
  1.7519193e+000	
  1.6829193e+000	
  1.6099193e+000	
  1.5129193e+000	
  1.3559193e+000	
  1.1799193e+000	
  9.7691933e-001	
  7.6891933e-001	
  4.3391933e-001	
  2.0791933e-001	
 -1.4308067e-001	
 -4.4308067e-001	
 -7.4308067e-001	
 -9.3208067e-001	
 -1.1750807e+000	
 -1.4310807e+000	
 -1.6030807e+000	
 -1.7030807e+000	
 -1.8380807e+000	
 -1.8840807e+000	
 -1.9490807e+000	
 -1.9090807e+000	
 -1.9020807e+000	
 -1.7700807e+000	
 -1.6420807e+000	
 -1.5150807e+000	
 -1.3800807e+000	
 -1.1770807e+000	
 -9.6208067e-001	
 -6.4908067e-001	
 -3.6008067e-001	
 -3.0806667e-003	
  3.4891933e-001	
  5.8391933e-001	
  8.6191933e-001	
  1.1399193e+000	
  1.3249193e+000	
  1.4729193e+000	
  1.6659193e+000	
  1.7219193e+000	
  1.7039193e+000	
  1.7039193e+000	
  1.6829193e+000	
  1.6179193e+000	
  1.5089193e+000	
  1.3189193e+000	
  1.1089193e+000	
  9.1591933e-001	
  7.1491933e-001	
  4.3791933e-001	
  1.4291933e-001	
 -1.7908067e-001	
 -4.8308067e-001	
 -7.1008067e-001	
 -9.4008067e-001	
 -1.1810807e+000	
 -1.3860807e+000	
 -1.5440807e+000	
 -1.6730807e+000	
 -1.7860807e+000	
 -1.8060807e+000	
 -1.7880807e+000	
 -1.7400807e+000	
 -1.6960807e+000	
 -1.6030807e+000	
 -1.4330807e+000	
 -1.3030807e+000	
 -1.1070807e+000	
 -8.5708067e-001	
 -5.8708067e-001	
 -2.7908067e-001	
  9.9919333e-002	
  4.3091933e-001	
  6.9691933e-001	
  9.8591933e-001	
  1.2099193e+000	
  1.4699193e+000	
  1.6729193e+000	
  1.8219193e+000	
  1.8929193e+000	
  1.9629193e+000	
  1.9189193e+000	
  1.9599193e+000	
  1.8639193e+000	
  1.7369193e+000	
  1.6139193e+000	
  1.4449193e+000	
  1.3289193e+000	
  1.0989193e+000	
  8.6791933e-001	
  6.0491933e-001	
  3.2791933e-001	
  7.4919333e-002	
 -1.7908067e-001	
 -4.4308067e-001	
 -6.7508067e-001	
 -8.6108067e-001	
 -1.0550807e+000	
 -1.1940807e+000	
 -1.3090807e+000	
 -1.3740807e+000	
 -1.4200807e+000	
 -1.3560807e+000	
 -1.2530807e+000	
 -1.2130807e+000	
 -1.0970807e+000	
 -9.7708067e-001	
 -7.7408067e-001	
 -6.0408067e-001	
 -4.0508067e-001	
 -1.3608067e-001	
  2.3391933e-001	
  5.4591933e-001	
  8.4491933e-001	
  1.1559193e+000	
  1.4609193e+000	
  1.6789193e+000	
  1.8419193e+000	
  1.9609193e+000	
  2.1319193e+000	
  2.2029193e+000	
  2.2839193e+000	
  2.2739193e+000	
  2.2859193e+000	
  2.2529193e+000	
  2.1409193e+000	
  2.0289193e+000	
  1.9029193e+000	
  1.7629193e+000	
  1.6189193e+000	
  1.4579193e+000	
  1.2759193e+000	
  9.7891933e-001	
  7.4691933e-001	
  5.0991933e-001	
  2.6891933e-001	
  1.5191933e-001	
 -6.6080667e-002	
 -1.8708067e-001	
 -3.6408067e-001	
 -4.8308067e-001	
 -6.0508067e-001	
 -5.9908067e-001	
 -6.1108067e-001	
 -4.8908067e-001	
 -4.6008067e-001	
 -3.8708067e-001	
 -2.3908067e-001	
 -9.1080667e-002	
  5.1919333e-002	
  2.5891933e-001	
  5.0391933e-001	
  7.4991933e-001	
  1.0009193e+000	
  1.3169193e+000	
  1.4739193e+000	
  1.6649193e+000	
  1.8589193e+000	
  2.0289193e+000	
  2.1019193e+000	
  2.1759193e+000	
  2.1689193e+000	
  2.1309193e+000	
  2.0139193e+000	
  1.9769193e+000	
  1.8329193e+000	
  1.6159193e+000	
  1.4469193e+000	
  1.2269193e+000	
  1.0199193e+000	
  8.0091933e-001	
  4.7491933e-001	
  1.9291933e-001	
 -4.5080667e-002	
 -2.5308067e-001	
 -4.5708067e-001	
 -6.5908067e-001	
 -7.9108067e-001	
 -9.0108067e-001	
 -1.0570807e+000	
 -1.1080807e+000	
 -1.1290807e+000	
 -1.0980807e+000	
 -1.0890807e+000	
 -9.8408067e-001	
 -8.0708067e-001	
 -6.6808067e-001	
 -5.2408067e-001	
 -3.0108067e-001	
 -5.1080667e-002	
  2.2591933e-001	
  5.8191933e-001	
  9.0091933e-001	
  1.1819193e+000	
  1.3689193e+000	
  1.5639193e+000	
  1.7529193e+000	
  1.9039193e+000	
  1.9439193e+000	
  1.9649193e+000	
  1.8649193e+000	
  1.8109193e+000	
  1.6349193e+000	
  1.4729193e+000	
  1.2609193e+000	
  1.0649193e+000	
  8.6791933e-001	
  6.4391933e-001	
  4.0591933e-001	
  7.1919333e-002	
 -1.7308067e-001	
 -4.1608067e-001	
 -6.1308067e-001	
 -8.4308067e-001	
 -9.5908067e-001	
 -1.1430807e+000	
 -1.2620807e+000	
 -1.3080807e+000	
 -1.3170807e+000	
 -1.3110807e+000	
 -1.3240807e+000	
 -1.2390807e+000	
 -1.1240807e+000	
 -9.9008067e-001	
 -8.1808067e-001	
 -6.4908067e-001	
 -4.5908067e-001	
 -1.8508067e-001	
  8.5919333e-002	
  3.8991933e-001	
  7.0291933e-001	
  9.8991933e-001	
  1.0959193e+000	
  1.2679193e+000	
  1.4509193e+000	
  1.6079193e+000	
  1.6659193e+000	
  1.7029193e+000	
  1.6799193e+000	
  1.6289193e+000	
  1.5539193e+000	
  1.4729193e+000	
  1.3239193e+000	
  1.1639193e+000	
  9.6491933e-001	
  7.6191933e-001	
  5.0391933e-001	
  1.6691933e-001	
 -5.6080667e-002	
 -2.5708067e-001	
 -4.5808067e-001	
 -6.1508067e-001	
 -8.0308067e-001	
 -9.2208067e-001	
 -1.0790807e+000	
 -1.1560807e+000	
 -1.1530807e+000	
 -1.1770807e+000	
 -1.1450807e+000	
 -1.0370807e+000	
 -9.2908067e-001	
 -8.3008067e-001	
 -7.4008067e-001	
 -5.4608067e-001	
 -3.8108067e-001	
 -2.0508067e-001	
  5.2919333e-002	
  3.4091933e-001	
  6.5491933e-001	
  9.3991933e-001	
  1.1679193e+000	
  1.4239193e+000	
  1.5969193e+000	
  1.7589193e+000	
  1.8849193e+000	
  1.9449193e+000	
  1.9539193e+000	
  1.9879193e+000	
  1.9139193e+000	
  1.8269193e+000	
  1.7579193e+000	
  1.6069193e+000	
  1.4979193e+000	
  1.3519193e+000	
  1.1569193e+000	
  9.5991933e-001	
  6.7991933e-001	
  3.7291933e-001	
  1.1891933e-001	
 -1.0908067e-001	
 -3.3108067e-001	
 -5.8108067e-001	
 -7.8708067e-001	
 -9.6908067e-001	
 -1.1120807e+000	
 -1.1960807e+000	
 -1.2790807e+000	
 -1.3040807e+000	
 -1.3630807e+000	
 -1.3510807e+000	
 -1.3020807e+000	
 -1.2680807e+000	
 -1.1660807e+000	
 -1.0180807e+000	
 -8.5408067e-001	
 -6.8408067e-001	
 -4.3808067e-001	
 -2.0208067e-001	
  7.8919333e-002	
  3.8891933e-001	
  6.8091933e-001	
  8.9491933e-001	
  1.0739193e+000	
  1.2799193e+000	
  1.4029193e+000	
  1.6429193e+000	
  1.7389193e+000	
  1.7909193e+000	
  1.8049193e+000	
  1.7869193e+000	
  1.7989193e+000	
  1.7309193e+000	
  1.6019193e+000	
  1.4839193e+000	
  1.3429193e+000	
  1.1599193e+000	
  9.7991933e-001	
  6.8091933e-001	
  4.3691933e-001	
  1.3691933e-001	
 -1.5108067e-001	
 -4.0208067e-001	
 -6.4008067e-001	
 -8.5408067e-001	
 -1.0380807e+000	
 -1.1820807e+000	
 -1.3240807e+000	
 -1.4270807e+000	
 -1.5000807e+000	
 -1.5240807e+000	
 -1.5170807e+000	
 -1.4780807e+000	
 -1.4020807e+000	
 -1.2340807e+000	
 -1.1420807e+000	
 -1.0390807e+000	
 -8.4208067e-001	
 -6.4908067e-001	
 -4.4508067e-001	
 -1.4208067e-001	
  1.4491933e-001	
  4.5991933e-001	
  7.5791933e-001	
  9.3491933e-001	
  1.1969193e+000	
  1.4269193e+000	
  1.5599193e+000	
  1.6879193e+000	
  1.7919193e+000	
  1.8299193e+000	
  1.8819193e+000	
  1.8709193e+000	
  1.8009193e+000	
  1.7279193e+000	
  1.6099193e+000	
  1.5319193e+000	
  1.3259193e+000	
  1.1759193e+000	
  1.0279193e+000	
  8.3891933e-001	
  5.7491933e-001	
  3.2891933e-001	
  3.2919333e-002	
 -1.9308067e-001	
 -4.2608067e-001	
 -5.8208067e-001	
 -7.6908067e-001	
 -9.9208067e-001	
 -1.1200807e+000	
 -1.2280807e+000	
 -1.2960807e+000	
 -1.3440807e+000	
 -1.3950807e+000	
 -1.3190807e+000	
 -1.3010807e+000	
 -1.2080807e+000	
 -1.1220807e+000	
 -9.9508067e-001	
 -8.3108067e-001	
 -6.1808067e-001	
 -3.6808067e-001	
 -6.5080667e-002	
  1.8591933e-001	
  5.2091933e-001	
  7.8391933e-001	
  9.8491933e-001	
  1.2169193e+000	
  1.3799193e+000	
  1.5499193e+000	
  1.6489193e+000	
  1.7939193e+000	
  1.8129193e+000	
  1.8209193e+000	
  1.7849193e+000	
  1.6979193e+000	
  1.5429193e+000	
  1.4449193e+000	
  1.3059193e+000	
  1.1079193e+000	
  9.2491933e-001	
  7.0791933e-001	
  4.0991933e-001	
  7.5919333e-002	
 -1.6908067e-001	
 -4.6908067e-001	
 -6.9008067e-001	
 -9.5908067e-001	
 -1.1270807e+000	
 -1.3060807e+000	
 -1.4260807e+000	
 -1.5710807e+000	
 -1.6460807e+000	
 -1.6420807e+000	
 -1.6100807e+000	
 -1.5650807e+000	
 -1.4710807e+000	
 -1.2970807e+000	
 -1.1110807e+000	
 -9.1708067e-001	
 -7.0408067e-001	
 -5.2008067e-001	
 -1.5508067e-001	
  2.1991933e-001	
  5.5991933e-001	
  8.0591933e-001	
  1.0079193e+000	
  1.2879193e+000	
  1.4869193e+000	
  1.6169193e+000	
  1.6909193e+000	
  1.8139193e+000	
  1.7769193e+000	
  1.8199193e+000	
  1.7839193e+000	
  1.6519193e+000	
  1.5789193e+000	
  1.4089193e+000	
  1.2219193e+000	
  1.0389193e+000	
  8.8091933e-001	
  7.2491933e-001	
  4.6691933e-001	
  1.6191933e-001	
 -9.8080667e-002	
 -4.0108067e-001	
 -5.9008067e-001	
 -8.7508067e-001	
 -1.0510807e+000	
 -1.2890807e+000	
 -1.4390807e+000	
 -1.5530807e+000	
 -1.6760807e+000	
 -1.7290807e+000	
 -1.6980807e+000	
 -1.6470807e+000	
 -1.5970807e+000	
 -1.4830807e+000	
 -1.3160807e+000	
 -1.1450807e+000	
 -9.3008067e-001	
 -7.3008067e-001	
 -3.5008067e-001	
  3.9919333e-002	
  4.5491933e-001	
  7.4191933e-001	
  1.0519193e+000	
  1.3289193e+000	
  1.5709193e+000	
  1.7069193e+000	
  1.9419193e+000	
  1.9949193e+000	
  2.1029193e+000	
  2.1049193e+000	
  2.0519193e+000	
  1.9899193e+000	
  1.9059193e+000	
  1.7959193e+000	
  1.5679193e+000	
