  1.0142660e-001	
  9.3826600e-002	
  9.3826600e-002	
  8.5826600e-002	
  7.7626600e-002	
  6.8526600e-002	
  6.0826600e-002	
  4.7526600e-002	
  3.9326600e-002	
  2.1926600e-002	
 -1.7734000e-003	
 -3.7573400e-002	
 -7.2573400e-002	
 -9.5373400e-002	
 -1.2277340e-001	
 -1.4637340e-001	
 -1.6307340e-001	
 -1.7337340e-001	
 -1.9317340e-001	
 -2.1287340e-001	
 -2.2707340e-001	
 -2.3447340e-001	
 -2.2957340e-001	
 -2.2327340e-001	
 -2.1887340e-001	
 -2.1847340e-001	
 -2.0657340e-001	
 -1.9757340e-001	
 -1.8707340e-001	
 -1.7587340e-001	
 -1.6117340e-001	
 -1.4457340e-001	
 -1.2137340e-001	
 -8.5273400e-002	
 -6.2273400e-002	
 -3.8873400e-002	
 -1.4973400e-002	
 -5.1734000e-003	
  1.8526600e-002	
  3.6526600e-002	
  5.9226600e-002	
  7.2426600e-002	
  7.5326600e-002	
  7.4526600e-002	
  7.9426600e-002	
  7.4726600e-002	
  7.5026600e-002	
  6.5426600e-002	
  6.8826600e-002	
  5.8626600e-002	
  4.2926600e-002	
  2.9026600e-002	
  1.0426600e-002	
 -2.1973400e-002	
 -5.2673400e-002	
 -8.9073400e-002	
 -1.1337340e-001	
 -1.4657340e-001	
 -1.6827340e-001	
 -1.8857340e-001	
 -2.0027340e-001	
 -2.1677340e-001	
 -2.3057340e-001	
 -2.4557340e-001	
 -2.4217340e-001	
 -2.3947340e-001	
 -2.4077340e-001	
 -2.3737340e-001	
 -2.2607340e-001	
 -2.1447340e-001	
 -2.0097340e-001	
 -1.8917340e-001	
 -1.7367340e-001	
 -1.5197340e-001	
 -1.1667340e-001	
 -7.4773400e-002	
 -2.7673400e-002	
  4.7266000e-003	
  2.3926600e-002	
  4.1926600e-002	
  4.6126600e-002	
  3.9226600e-002	
  3.1826600e-002	
  3.1326600e-002	
  2.7426600e-002	
  2.2826600e-002	
  1.4326600e-002	
  5.8266000e-003	
 -6.5734000e-003	
 -2.5673400e-002	
 -4.5373400e-002	
 -6.6573400e-002	
 -9.8573400e-002	
 -1.3157340e-001	
 -1.6767340e-001	
 -1.9877340e-001	
 -2.2707340e-001	
 -2.5467340e-001	
 -2.6967340e-001	
 -2.7987340e-001	
 -2.9187340e-001	
 -3.0247340e-001	
 -3.0827340e-001	
 -3.1707340e-001	
 -3.2427340e-001	
 -3.2567340e-001	
 -3.2157340e-001	
 -3.2407340e-001	
 -3.2067340e-001	
 -3.1777340e-001	
 -3.0807340e-001	
 -2.9677340e-001	
 -2.8737340e-001	
 -2.7167340e-001	
 -2.5157340e-001	
 -2.0927340e-001	
 -1.4747340e-001	
 -9.0173400e-002	
 -4.5873400e-002	
 -4.5734000e-003	
  2.1126600e-002	
  3.8226600e-002	
  5.0026600e-002	
  6.6826600e-002	
  8.1426600e-002	
  7.9326600e-002	
  8.7226600e-002	
  8.1826600e-002	
  7.3726600e-002	
  5.2626600e-002	
  4.6326600e-002	
  3.0726600e-002	
  1.3126600e-002	
 -1.7340000e-004	
 -1.4973400e-002	
 -3.0473400e-002	
 -5.6373400e-002	
 -8.6673400e-002	
 -1.1977340e-001	
 -1.4667340e-001	
 -1.6437340e-001	
 -1.8487340e-001	
 -1.9357340e-001	
 -2.0767340e-001	
 -2.2177340e-001	
 -2.2657340e-001	
 -2.2747340e-001	
 -2.2097340e-001	
 -2.1257340e-001	
 -2.0327340e-001	
 -1.9897340e-001	
 -1.8547340e-001	
 -1.6947340e-001	
 -1.4517340e-001	
 -1.1487340e-001	
 -6.4573400e-002	
 -2.1973400e-002	
  9.0266000e-003	
  3.2926600e-002	
  5.1426600e-002	
  7.8826600e-002	
  9.2026600e-002	
  9.2626600e-002	
  9.6326600e-002	
  8.8226600e-002	
  7.2926600e-002	
  7.0326600e-002	
  5.9526600e-002	
  6.4826600e-002	
  6.1826600e-002	
  5.7626600e-002	
  4.9726600e-002	
  3.7226600e-002	
  1.7026600e-002	
 -1.1173400e-002	
 -3.4273400e-002	
 -6.7873400e-002	
 -9.5773400e-002	
 -1.1957340e-001	
 -1.3807340e-001	
 -1.5787340e-001	
 -1.7227340e-001	
 -1.8937340e-001	
 -1.9257340e-001	
 -1.9947340e-001	
 -2.0257340e-001	
 -1.9687340e-001	
 -1.8857340e-001	
 -1.7947340e-001	
 -1.7027340e-001	
 -1.4827340e-001	
 -1.2657340e-001	
 -1.0207340e-001	
 -7.6973400e-002	
 -4.8873400e-002	
 -2.0773400e-002	
  7.3266000e-003	
  3.1326600e-002	
  4.7226600e-002	
  5.4226600e-002	
  5.7526600e-002	
  6.2226600e-002	
  6.2926600e-002	
  7.1826600e-002	
  6.8026600e-002	
  6.0726600e-002	
  5.2326600e-002	
  5.0026600e-002	
  4.5226600e-002	
  3.2426600e-002	
  1.7326600e-002	
  5.6266000e-003	
 -1.8873400e-002	
 -5.0473400e-002	
 -8.6673400e-002	
 -1.0957340e-001	
 -1.4027340e-001	
 -1.6047340e-001	
 -1.7627340e-001	
 -1.8627340e-001	
 -2.0607340e-001	
 -2.1397340e-001	
 -2.2547340e-001	
 -2.3007340e-001	
 -2.3577340e-001	
 -2.4197340e-001	
 -2.4467340e-001	
 -2.3587340e-001	
 -2.2297340e-001	
 -2.0547340e-001	
 -1.8807340e-001	
 -1.7137340e-001	
 -1.5307340e-001	
 -1.3157340e-001	
 -1.0377340e-001	
 -7.7173400e-002	
 -5.5273400e-002	
 -2.1873400e-002	
  3.3266000e-003	
  2.6026600e-002	
  3.6726600e-002	
  3.9726600e-002	
  4.6826600e-002	
  3.7026600e-002	
  2.2426600e-002	
  2.5926600e-002	
  2.1626600e-002	
  2.0326600e-002	
  1.8626600e-002	
  1.7526600e-002	
  1.3726600e-002	
  6.4266000e-003	
 -3.4734000e-003	
 -2.1373400e-002	
 -4.4273400e-002	
 -6.5973400e-002	
 -8.1873400e-002	
 -1.0907340e-001	
 -1.2327340e-001	
 -1.3227340e-001	
 -1.4597340e-001	
 -1.6477340e-001	
 -1.7487340e-001	
 -1.8787340e-001	
 -1.9757340e-001	
 -2.0437340e-001	
 -1.9747340e-001	
 -1.9417340e-001	
 -1.8337340e-001	
 -1.5977340e-001	
 -1.4267340e-001	
 -1.2007340e-001	
 -9.4973400e-002	
 -6.2473400e-002	
 -2.2973400e-002	
  2.7326600e-002	
  7.0726600e-002	
  9.9926600e-002	
  1.2682660e-001	
  1.4142660e-001	
  1.5232660e-001	
  1.6292660e-001	
  1.6022660e-001	
  1.6422660e-001	
  1.6742660e-001	
  1.5802660e-001	
  1.5322660e-001	
  1.4452660e-001	
  1.3712660e-001	
  1.2772660e-001	
  1.1482660e-001	
  9.7926600e-002	
  7.8126600e-002	
  4.5426600e-002	
  1.9126600e-002	
 -9.5734000e-003	
 -3.8173400e-002	
 -7.3473400e-002	
 -8.7673400e-002	
 -1.1727340e-001	
 -1.2467340e-001	
 -1.4537340e-001	
 -1.5197340e-001	
 -1.6757340e-001	
 -1.7207340e-001	
 -1.6987340e-001	
 -1.6807340e-001	
 -1.6057340e-001	
 -1.5347340e-001	
 -1.3937340e-001	
 -1.3127340e-001	
 -1.1957340e-001	
 -1.0237340e-001	
 -8.0673400e-002	
 -4.2373400e-002	
  5.5266000e-003	
  5.5326600e-002	
  8.7826600e-002	
  1.1982660e-001	
  1.3592660e-001	
  1.4782660e-001	
  1.4262660e-001	
  1.4572660e-001	
  1.3952660e-001	
  1.4092660e-001	
  1.2552660e-001	
  1.1682660e-001	
  1.1392660e-001	
  1.0622660e-001	
  1.0192660e-001	
  9.0826600e-002	
  7.6326600e-002	
  5.9726600e-002	
  3.2626600e-002	
 -5.7734000e-003	
 -4.2373400e-002	
 -5.4673400e-002	
 -8.3273400e-002	
 -1.1067340e-001	
 -1.3527340e-001	
 -1.5227340e-001	
 -1.7287340e-001	
 -1.8277340e-001	
 -1.8967340e-001	
 -1.8947340e-001	
 -1.9427340e-001	
 -1.9757340e-001	
 -1.8637340e-001	
 -1.6827340e-001	
 -1.4937340e-001	
 -1.2767340e-001	
 -1.0267340e-001	
 -8.2873400e-002	
 -6.2773400e-002	
 -3.3173400e-002	
  6.6266000e-003	
  4.8326600e-002	
  7.9026600e-002	
  1.0602660e-001	
  1.2782660e-001	
  1.4312660e-001	
  1.4612660e-001	
  1.5142660e-001	
  1.4772660e-001	
  1.4312660e-001	
  1.3272660e-001	
  1.3092660e-001	
  1.2902660e-001	
  1.2542660e-001	
  1.2102660e-001	
  1.1052660e-001	
  9.6826600e-002	
  8.0526600e-002	
  6.0826600e-002	
  3.7926600e-002	
  9.8266000e-003	
 -1.1473400e-002	
 -4.5273400e-002	
 -7.1273400e-002	
 -9.2873400e-002	
 -1.1337340e-001	
 -1.3417340e-001	
 -1.3687340e-001	
 -1.4307340e-001	
 -1.4927340e-001	
 -1.5617340e-001	
 -1.4417340e-001	
 -1.3507340e-001	
 -1.2897340e-001	
 -1.1687340e-001	
 -1.0957340e-001	
 -1.0127340e-001	
 -8.3573400e-002	
 -6.8073400e-002	
 -5.2373400e-002	
 -2.6573400e-002	
  7.1266000e-003	
  3.0426600e-002	
  4.9826600e-002	
  6.7326600e-002	
  8.6526600e-002	
  1.0852660e-001	
  1.3132660e-001	
  1.4932660e-001	
  1.6542660e-001	
  1.7152660e-001	
  1.7472660e-001	
  1.7602660e-001	
  1.6422660e-001	
  1.4872660e-001	
  1.4072660e-001	
  1.3312660e-001	
  1.2052660e-001	
  1.1102660e-001	
  9.5626600e-002	
  7.7526600e-002	
  5.0926600e-002	
  1.6526600e-002	
 -1.6173400e-002	
 -5.6873400e-002	
 -1.0047340e-001	
 -1.2147340e-001	
 -1.4907340e-001	
 -1.7017340e-001	
 -1.8087340e-001	
 -1.8907340e-001	
 -2.0117340e-001	
 -2.0377340e-001	
 -2.0087340e-001	
 -2.0947340e-001	
 -1.9637340e-001	
 -1.9227340e-001	
 -1.7847340e-001	
 -1.6157340e-001	
 -1.4237340e-001	
 -1.2097340e-001	
 -9.9173400e-002	
 -7.2373400e-002	
 -2.9973400e-002	
  1.0726600e-002	
  4.5526600e-002	
  7.7526600e-002	
  9.9426600e-002	
  1.2602660e-001	
  1.3652660e-001	
  1.5532660e-001	
  1.7732660e-001	
  1.7442660e-001	
  1.8382660e-001	
  1.8202660e-001	
  1.8412660e-001	
  1.7562660e-001	
  1.7462660e-001	
  1.7072660e-001	
  1.6392660e-001	
  1.4982660e-001	
  1.2402660e-001	
  9.9826600e-002	
  6.2926600e-002	
  2.9226600e-002	
 -5.2734000e-003	
 -4.4373400e-002	
 -6.3073400e-002	
 -8.6473400e-002	
 -1.0867340e-001	
 -1.2567340e-001	
 -1.4077340e-001	
 -1.5567340e-001	
 -1.7037340e-001	
 -1.7677340e-001	
 -1.7447340e-001	
 -1.7777340e-001	
 -1.7507340e-001	
 -1.7237340e-001	
 -1.5477340e-001	
 -1.3437340e-001	
 -1.1107340e-001	
 -8.3973400e-002	
 -4.8873400e-002	
  3.2660000e-004	
  4.6526600e-002	
  7.7726600e-002	
  1.1622660e-001	
  1.3362660e-001	
  1.4922660e-001	
  1.6162660e-001	
  1.7622660e-001	
  1.9412660e-001	
  2.0402660e-001	
  2.1542660e-001	
  2.0842660e-001	
  2.1142660e-001	
  2.0952660e-001	
  1.9622660e-001	
  1.8822660e-001	
  1.8212660e-001	
  1.7202660e-001	
  1.5782660e-001	
  1.4012660e-001	
  1.1582660e-001	
  8.4226600e-002	
  4.6226600e-002	
  1.6926600e-002	
 -1.8873400e-002	
 -4.3373400e-002	
 -6.3573400e-002	
 -8.4073400e-002	
 -1.1657340e-001	
 -1.3217340e-001	
 -1.4097340e-001	
 -1.5397340e-001	
 -1.5557340e-001	
 -1.4487340e-001	
 -1.3397340e-001	
 -1.2937340e-001	
 -1.2447340e-001	
 -1.0787340e-001	
 -8.6973400e-002	
 -5.5573400e-002	
 -1.6073400e-002	
  3.1426600e-002	
  8.5226600e-002	
  1.2242660e-001	
  1.4602660e-001	
  1.6322660e-001	
  1.6122660e-001	
  1.7342660e-001	
  1.7132660e-001	
  1.7322660e-001	
  1.7372660e-001	
  1.7222660e-001	
  1.7582660e-001	
  1.7352660e-001	
  1.7502660e-001	
  1.6992660e-001	
  1.5942660e-001	
  1.4542660e-001	
  1.2662660e-001	
  9.9726600e-002	
  6.6026600e-002	
  1.8926600e-002	
 -1.3473400e-002	
 -3.6873400e-002	
 -6.5773400e-002	
 -8.6173400e-002	
 -1.0097340e-001	
 -1.1687340e-001	
 -1.2737340e-001	
 -1.4367340e-001	
 -1.4547340e-001	
 -1.4827340e-001	
 -1.4167340e-001	
 -1.3537340e-001	
 -1.1847340e-001	
 -1.0647340e-001	
 -9.4573400e-002	
 -7.2373400e-002	
 -4.5173400e-002	
 -4.4734000e-003	
  6.1226600e-002	
  1.1152660e-001	
  1.3992660e-001	
  1.5962660e-001	
  1.7502660e-001	
  1.7982660e-001	
  1.6502660e-001	
  1.6112660e-001	
  1.6902660e-001	
  1.7122660e-001	
  1.6532660e-001	
  1.6982660e-001	
  1.6752660e-001	
  1.6312660e-001	
  1.6072660e-001	
  1.4492660e-001	
  1.2902660e-001	
  1.1032660e-001	
  7.6926600e-002	
  3.8726600e-002	
  8.0266000e-003	
 -2.7473400e-002	
 -5.3173400e-002	
 -7.9373400e-002	
 -9.5873400e-002	
 -1.0927340e-001	
 -1.2587340e-001	
 -1.3807340e-001	
 -1.5247340e-001	
 -1.5767340e-001	
 -1.6747340e-001	
 -1.6657340e-001	
 -1.6247340e-001	
 -1.5327340e-001	
 -1.3527340e-001	
 -1.1517340e-001	
 -9.8573400e-002	
 -7.0373400e-002	
 -3.8173400e-002	
  4.3266000e-003	
  4.6826600e-002	
  9.7326600e-002	
  1.1972660e-001	
  1.3412660e-001	
  1.3952660e-001	
  1.3892660e-001	
  1.3632660e-001	
  1.3972660e-001	
  1.3532660e-001	
  1.4232660e-001	
  1.4542660e-001	
  1.3592660e-001	
  1.2882660e-001	
  1.1622660e-001	
  1.0512660e-001	
  9.0126600e-002	
  7.6826600e-002	
  5.5726600e-002	
  2.7426600e-002	
 -3.0734000e-003	
 -3.4273400e-002	
 -6.5273400e-002	
 -8.6673400e-002	
 -1.0757340e-001	
 -1.2797340e-001	
 -1.4157340e-001	
 -1.5427340e-001	
 -1.7107340e-001	
 -1.7867340e-001	
 -1.9537340e-001	
 -1.9967340e-001	
 -2.0797340e-001	
 -2.0417340e-001	
 -1.9027340e-001	
 -1.8567340e-001	
 -1.7227340e-001	
 -1.5287340e-001	
 -1.3517340e-001	
 -1.1267340e-001	
 -8.8773400e-002	
 -4.0473400e-002	
  1.7266000e-003	
  3.3226600e-002	
  6.5126600e-002	
  7.7026600e-002	
  7.3326600e-002	
  7.9026600e-002	
  8.3726600e-002	
  8.8926600e-002	
  9.6726600e-002	
  1.0052660e-001	
  1.0302660e-001	
  9.9726600e-002	
  9.9126600e-002	
  1.0012660e-001	
  9.3826600e-002	
  8.2926600e-002	
  7.1826600e-002	
  5.8626600e-002	
  3.7926600e-002	
  3.4266000e-003	
 -2.9373400e-002	
 -7.0373400e-002	
 -9.2773400e-002	
 -1.1837340e-001	
 -1.3437340e-001	
 -1.5317340e-001	
 -1.6097340e-001	
 -1.7727340e-001	
 -1.8197340e-001	
 -1.8527340e-001	
 -1.8317340e-001	
 -1.8537340e-001	
 -1.7767340e-001	
 -1.6957340e-001	
 -1.5527340e-001	
 -1.4407340e-001	
 -1.2927340e-001	
 -1.1357340e-001	
 -9.4473400e-002	
 -6.8073400e-002	
 -2.7673400e-002	
  1.0726600e-002	
  5.0226600e-002	
  8.4026600e-002	
  1.0842660e-001	
  1.3592660e-001	
  1.5862660e-001	
  1.4882660e-001	
  1.5962660e-001	
  1.5372660e-001	
  1.5872660e-001	
  1.5412660e-001	
  1.4932660e-001	
  1.4502660e-001	
  1.3652660e-001	
  1.3092660e-001	
  1.1752660e-001	
  1.0052660e-001	
  7.9226600e-002	
  5.0826600e-002	
  9.3266000e-003	
 -3.1073400e-002	
 -5.5873400e-002	
 -8.9573400e-002	
 -1.1467340e-001	
 -1.3967340e-001	
 -1.5167340e-001	
 -1.6607340e-001	
 -1.7887340e-001	
 -1.8777340e-001	
 -1.8587340e-001	
 -1.7737340e-001	
 -1.6847340e-001	
 -1.5847340e-001	
 -1.4837340e-001	
 -1.3267340e-001	
 -1.2197340e-001	
 -1.0347340e-001	
 -7.9173400e-002	
 -3.3673400e-002	
  1.0226600e-002	
  5.2526600e-002	
  8.7026600e-002	
  9.1926600e-002	
  1.0582660e-001	
  1.1092660e-001	
  1.0852660e-001	
  1.2722660e-001	
  1.4152660e-001	
  1.4992660e-001	
  1.5072660e-001	
  1.5102660e-001	
  1.4402660e-001	
  1.4432660e-001	
  1.3432660e-001	
  1.3262660e-001	
  1.1972660e-001	
  1.0312660e-001	
  8.1126600e-002	
  5.7326600e-002	
  1.3826600e-002	
 -2.0473400e-002	
 -6.1773400e-002	
 -9.0073400e-002	
 -1.1107340e-001	
 -1.4347340e-001	
 -1.6547340e-001	
 -1.7897340e-001	
 -1.7797340e-001	
 -1.8877340e-001	
 -1.8877340e-001	
 -1.8517340e-001	
 -1.7617340e-001	
 -1.6737340e-001	
 -1.6147340e-001	
 -1.4717340e-001	
 -1.2287340e-001	
 -9.7373400e-002	
 -6.8773400e-002	
 -3.4473400e-002	
  1.1226600e-002	
  5.2126600e-002	
  8.4026600e-002	
  1.0932660e-001	
  1.2272660e-001	
  1.3482660e-001	
  1.4332660e-001	
  1.4702660e-001	
  1.5082660e-001	
  1.5782660e-001	
  1.6092660e-001	
  1.5582660e-001	
  1.5682660e-001	
  1.5892660e-001	
  1.5182660e-001	
  1.4322660e-001	
  1.3332660e-001	
  1.2172660e-001	
  1.1982660e-001	
  9.8926600e-002	
  8.3126600e-002	
  5.6226600e-002	
  2.4326600e-002	
 -3.1734000e-003	
 -2.5173400e-002	
 -5.1273400e-002	
 -7.1573400e-002	
 -9.6073400e-002	
 -1.1287340e-001	
 -1.3737340e-001	
 -1.4837340e-001	
 -1.6417340e-001	
 -1.6737340e-001	
 -1.7887340e-001	
 -1.7497340e-001	
 -1.6527340e-001	
 -1.4827340e-001	
 -1.3087340e-001	
 -1.1537340e-001	
 -8.8573400e-002	
 -6.7273400e-002	
 -3.3073400e-002	
  1.5426600e-002	
  5.7926600e-002	
  8.6826600e-002	
  1.0322660e-001	
  1.1552660e-001	
  1.2542660e-001	
  1.3332660e-001	
  1.3772660e-001	
  1.4062660e-001	
  1.4382660e-001	
  1.4652660e-001	
  1.3792660e-001	
  1.3692660e-001	
  1.3542660e-001	
  1.3302660e-001	
  1.1852660e-001	
  1.0742660e-001	
  8.7426600e-002	
  5.9126600e-002	
  2.1426600e-002	
 -8.6734000e-003	
 -4.5273400e-002	
 -8.1073400e-002	
 -1.0807340e-001	
 -1.3257340e-001	
 -1.5357340e-001	
 -1.7617340e-001	
 -1.8707340e-001	
 -2.0227340e-001	
 -2.1747340e-001	
 -2.1877340e-001	
 -2.1037340e-001	
 -1.9927340e-001	
 -1.8257340e-001	
 -1.6337340e-001	
 -1.3687340e-001	
 -1.1687340e-001	
 -8.5773400e-002	
 -4.1373400e-002	
  1.7226600e-002	
  5.9926600e-002	
  9.2126600e-002	
  1.1412660e-001	
  1.2632660e-001	
  1.3102660e-001	
  1.3842660e-001	
  1.4312660e-001	
  1.4622660e-001	
  1.5992660e-001	
  1.6632660e-001	
  1.7452660e-001	
  1.7192660e-001	
  1.7052660e-001	
  1.6522660e-001	
  1.5532660e-001	
  1.3972660e-001	
  1.2532660e-001	
  1.0022660e-001	
  8.2226600e-002	
  6.0326600e-002	
  2.0626600e-002	
 -1.0573400e-002	
 -3.9073400e-002	
 -6.6473400e-002	
 -8.8073400e-002	
 -1.0307340e-001	
 -1.2047340e-001	
 -1.3807340e-001	
 -1.5117340e-001	
 -1.5417340e-001	
 -1.5387340e-001	
 -1.5527340e-001	
 -1.4917340e-001	
 -1.3927340e-001	
 -1.2707340e-001	
 -1.0277340e-001	
 -8.1573400e-002	
 -5.6473400e-002	
 -3.1573400e-002	
  6.1266000e-003	
  4.4526600e-002	
  7.0426600e-002	
  9.2326600e-002	
  1.1932660e-001	
  1.3672660e-001	
  1.3782660e-001	
  1.5012660e-001	
  1.5272660e-001	
  1.5402660e-001	
  1.6102660e-001	
  1.5862660e-001	
  1.5622660e-001	
  1.4902660e-001	
  1.4152660e-001	
  1.2842660e-001	
  1.1872660e-001	
  1.0712660e-001	
  9.6626600e-002	
  8.0426600e-002	
  4.7126600e-002	
  1.7426600e-002	
 -4.3734000e-003	
 -2.7573400e-002	
 -4.6173400e-002	
 -5.8873400e-002	
 -8.7573400e-002	
 -1.0827340e-001	
 -1.1907340e-001	
 -1.3447340e-001	
 -1.3507340e-001	
 -1.3667340e-001	
 -1.3677340e-001	
 -1.3267340e-001	
 -1.1397340e-001	
 -1.0057340e-001	
 -8.8473400e-002	
 -7.0973400e-002	
 -5.1473400e-002	
 -3.4073400e-002	
 -1.1373400e-002	
  4.0266000e-003	
  2.3626600e-002	
  4.8126600e-002	
  7.3926600e-002	
  9.6426600e-002	
  1.1542660e-001	
  1.2342660e-001	
  1.1812660e-001	
  1.1612660e-001	
  1.1612660e-001	
  1.1572660e-001	
  1.0972660e-001	
  1.0642660e-001	
  9.6626600e-002	
  8.6126600e-002	
  7.0826600e-002	
  4.8226600e-002	
  2.2026600e-002	
 -3.9734000e-003	
 -2.7773400e-002	
 -5.2973400e-002	
 -6.6073400e-002	
 -9.2973400e-002	
 -1.1947340e-001	
 -1.4217340e-001	
 -1.5247340e-001	
 -1.6307340e-001	
 -1.7387340e-001	
 -1.7257340e-001	
 -1.7087340e-001	
 -1.6977340e-001	
 -1.6457340e-001	
 -1.5707340e-001	
 -1.4377340e-001	
 -1.3217340e-001	
 -1.1417340e-001	
 -9.4073400e-002	
 -7.2773400e-002	
 -3.6973400e-002	
 -1.0273400e-002	
  1.9626600e-002	
  5.3726600e-002	
  7.0726600e-002	
  9.0126600e-002	
  9.9526600e-002	
  1.0862660e-001	
  1.0592660e-001	
  1.0892660e-001	
  1.1452660e-001	
  1.1402660e-001	
  1.1262660e-001	
  1.0372660e-001	
  1.0122660e-001	
  9.2626600e-002	
  8.6426600e-002	
  6.8626600e-002	
  5.5826600e-002	
  3.7326600e-002	
  1.2326600e-002	
 -7.4734000e-003	
 -3.5773400e-002	
 -5.7573400e-002	
 -7.3873400e-002	
 -9.0673400e-002	
 -1.1067340e-001	
 -1.2077340e-001	
 -1.3467340e-001	
 -1.4187340e-001	
 -1.4057340e-001	
 -1.3377340e-001	
 -1.2267340e-001	
 -1.1007340e-001	
 -9.7773400e-002	
 -7.4873400e-002	
 -5.1773400e-002	
 -3.4973400e-002	
 -8.0734000e-003	
  2.1026600e-002	
  5.0026600e-002	
  6.9926600e-002	
  9.1026600e-002	
  1.1722660e-001	
  1.2632660e-001	
  1.4272660e-001	
  1.5222660e-001	
  1.5152660e-001	
  1.5242660e-001	
  1.4162660e-001	
  1.3322660e-001	
  1.3192660e-001	
  1.2512660e-001	
  1.2102660e-001	
  1.0652660e-001	
  8.9926600e-002	
  6.1026600e-002	
  3.7426600e-002	
  1.0026600e-002	
 -1.7873400e-002	
 -3.2673400e-002	
 -5.2873400e-002	
 -7.1573400e-002	
 -9.6873400e-002	
 -1.1637340e-001	
 -1.3287340e-001	
 -1.5227340e-001	
 -1.6667340e-001	
 -1.7047340e-001	
 -1.7507340e-001	
 -1.8297340e-001	
 -1.8667340e-001	
 -1.8887340e-001	
 -1.8337340e-001	
 -1.7887340e-001	
 -1.6777340e-001	
 -1.5137340e-001	
 -1.3537340e-001	
 -1.1637340e-001	
 -9.8573400e-002	
 -7.7273400e-002	
 -3.7973400e-002	
  4.9266000e-003	
  4.2126600e-002	
  6.5826600e-002	
  7.9726600e-002	
  9.5726600e-002	
  9.3226600e-002	
  9.3026600e-002	
  9.0726600e-002	
  9.2226600e-002	
  8.7526600e-002	
  8.2026600e-002	
  8.1426600e-002	
  6.9026600e-002	
  5.7426600e-002	
  4.3026600e-002	
  2.4226600e-002	
  2.6600000e-005	
 -2.0973400e-002	
 -4.1873400e-002	
 -6.1173400e-002	
 -8.4773400e-002	
 -9.9673400e-002	
 -1.0557340e-001	
 -1.2887340e-001	
 -1.4347340e-001	
 -1.5417340e-001	
 -1.6237340e-001	
 -1.6777340e-001	
 -1.8247340e-001	
 -1.7677340e-001	
 -1.7757340e-001	
 -1.7987340e-001	
 -1.7377340e-001	
 -1.6797340e-001	
 -1.5317340e-001	
 -1.2987340e-001	
 -1.1017340e-001	
 -8.2973400e-002	
 -4.9573400e-002	
 -1.0573400e-002	
  3.2326600e-002	
  7.1026600e-002	
  1.0232660e-001	
  1.1872660e-001	
  1.3892660e-001	
  1.5042660e-001	
  1.5882660e-001	
  1.6192660e-001	
  1.7732660e-001	
  1.7442660e-001	
  1.7062660e-001	
  1.5712660e-001	
  1.5592660e-001	
  1.4042660e-001	
  1.2702660e-001	
  1.0802660e-001	
  9.6426600e-002	
  8.6126600e-002	
  6.6326600e-002	
  4.3426600e-002	
  1.8926600e-002	
 -1.4473400e-002	
 -3.5473400e-002	
 -5.1673400e-002	
 -6.6773400e-002	
 -8.3073400e-002	
 -9.1673400e-002	
 -1.0677340e-001	
 -1.1827340e-001	
 -1.2337340e-001	
 -1.1807340e-001	
 -1.1387340e-001	
 -1.0147340e-001	
 -8.5773400e-002	
 -6.8673400e-002	
 -4.5473400e-002	
 -2.7773400e-002	
 -1.2073400e-002	
  9.6266000e-003	
  3.8026600e-002	
  7.1526600e-002	
  9.7826600e-002	
  1.1312660e-001	
  1.2222660e-001	
  1.2792660e-001	
  1.3342660e-001	
  1.2742660e-001	
  1.4332660e-001	
  1.4142660e-001	
  1.4182660e-001	
  1.5272660e-001	
  1.4102660e-001	
  1.3262660e-001	
  1.2952660e-001	
  1.3032660e-001	
  1.2862660e-001	
  1.2472660e-001	
  1.3212660e-001	
  1.3372660e-001	
  1.2052660e-001	
  1.0712660e-001	
  8.6526600e-002	
  6.9826600e-002	
  4.8726600e-002	
  3.1826600e-002	
  1.8426600e-002	
 -9.1734000e-003	
 -2.1973400e-002	
 -3.9373400e-002	
 -5.5273400e-002	
 -5.5273400e-002	
 -5.2573400e-002	
 -4.5173400e-002	
 -3.4773400e-002	
 -1.8473400e-002	
 -1.0473400e-002	
  1.1326600e-002	
  3.2326600e-002	
  5.3826600e-002	
  7.8726600e-002	
  1.1792660e-001	
  1.4912660e-001	
  1.6812660e-001	
  1.8102660e-001	
  1.7292660e-001	
  1.7072660e-001	
  1.6972660e-001	
  1.5792660e-001	
  1.5992660e-001	
  1.5802660e-001	
  1.5982660e-001	
  1.5702660e-001	
  1.5312660e-001	
  1.4952660e-001	
  1.4102660e-001	
  1.2822660e-001	
  1.0932660e-001	
  8.0526600e-002	
  5.6226600e-002	
  2.7126600e-002	
  8.2266000e-003	
 -1.8873400e-002	
 -4.2473400e-002	
 -5.6573400e-002	
 -6.9373400e-002	
 -8.4273400e-002	
 -9.5373400e-002	
 -1.0327340e-001	
 -1.1267340e-001	
 -1.0527340e-001	
 -9.3073400e-002	
 -8.5773400e-002	
 -6.7073400e-002	
 -4.9573400e-002	
 -3.3173400e-002	
 -2.0773400e-002	
  5.1266000e-003	
  4.0526600e-002	
  8.0626600e-002	
  1.1642660e-001	
  1.4332660e-001	
  1.5572660e-001	
  1.7072660e-001	
  1.6762660e-001	
  1.6432660e-001	
  1.5702660e-001	
  1.5362660e-001	
  1.5722660e-001	
  1.4852660e-001	
  1.5102660e-001	
  1.3722660e-001	
  1.2432660e-001	
  1.1332660e-001	
  1.0362660e-001	
  8.7126600e-002	
  6.1626600e-002	
  4.0626600e-002	
  2.3326600e-002	
  4.2266000e-003	
 -6.7734000e-003	
 -2.5473400e-002	
 -3.9473400e-002	
 -4.3373400e-002	
 -6.0573400e-002	
 -6.7573400e-002	
 -7.2873400e-002	
 -7.2973400e-002	
 -7.6773400e-002	
 -7.0773400e-002	
 -6.1773400e-002	
 -4.5073400e-002	
 -3.3973400e-002	
 -1.8873400e-002	
 -1.4734000e-003	
  1.8826600e-002	
  3.7026600e-002	
  7.6426600e-002	
  1.0792660e-001	
  1.3892660e-001	
  1.6122660e-001	
  1.7652660e-001	
  1.8102660e-001	
  1.7052660e-001	
  1.6152660e-001	
  1.4152660e-001	
  1.3492660e-001	
  1.3242660e-001	
  1.3652660e-001	
  1.4232660e-001	
  1.4432660e-001	
  1.3762660e-001	
  1.3132660e-001	
  1.2232660e-001	
  1.1022660e-001	
  8.8626600e-002	
  6.8426600e-002	
  5.2526600e-002	
  2.3126600e-002	
  9.3266000e-003	
 -8.7734000e-003	
 -2.9973400e-002	
 -4.5273400e-002	
 -5.3273400e-002	
 -6.9873400e-002	
 -7.7773400e-002	
 -8.7473400e-002	
 -9.9173400e-002	
 -1.0607340e-001	
 -1.1317340e-001	
 -1.0447340e-001	
 -8.6073400e-002	
 -6.4673400e-002	
 -4.6573400e-002	
 -1.4273400e-002	
  1.7126600e-002	
  5.0626600e-002	
  8.5126600e-002	
  1.1872660e-001	
  1.4062660e-001	
  1.5852660e-001	
  1.7462660e-001	
  1.7512660e-001	
  1.7452660e-001	
  1.6992660e-001	
  1.6572660e-001	
  1.5422660e-001	
  1.5842660e-001	
  1.5842660e-001	
  1.5892660e-001	
  1.5552660e-001	
  1.5422660e-001	
  1.4712660e-001	
  1.4252660e-001	
  1.2752660e-001	
  1.1122660e-001	
  8.8326600e-002	
  6.6626600e-002	
  4.4026600e-002	
  2.2626600e-002	
 -4.0734000e-003	
 -2.6273400e-002	
 -3.5073400e-002	
 -4.6873400e-002	
 -6.6973400e-002	
 -7.8873400e-002	
 -8.3873400e-002	
 -8.7973400e-002	
 -9.0573400e-002	
 -8.5273400e-002	
 -7.2173400e-002	
 -6.1673400e-002	
 -4.6973400e-002	
 -2.7273400e-002	
 -7.2734000e-003	
  1.6926600e-002	
  4.7026600e-002	
  8.3426600e-002	
  1.1112660e-001	
  1.4002660e-001	
  1.5062660e-001	
  1.4622660e-001	
  1.4422660e-001	
  1.2682660e-001	
  1.2312660e-001	
  1.2312660e-001	
  1.2012660e-001	
  1.2332660e-001	
  1.2292660e-001	
  1.2342660e-001	
  1.1852660e-001	
  1.1152660e-001	
  1.0852660e-001	
  1.0212660e-001	
  9.1626600e-002	
  7.3826600e-002	
  5.0726600e-002	
  2.7726600e-002	
  4.1266000e-003	
 -2.2873400e-002	
 -4.7073400e-002	
 -6.5673400e-002	
 -8.4173400e-002	
 -1.0307340e-001	
 -1.0677340e-001	
 -1.2147340e-001	
 -1.3247340e-001	
 -1.2877340e-001	
 -1.2917340e-001	
 -1.1937340e-001	
 -1.0997340e-001	
 -1.0367340e-001	
 -8.9773400e-002	
 -7.7373400e-002	
 -5.5673400e-002	
 -2.9673400e-002	
  6.7266000e-003	
  3.6626600e-002	
  6.1726600e-002	
  7.9526600e-002	
  9.5626600e-002	
  1.0992660e-001	
  1.1322660e-001	
  1.3952660e-001	
  1.4842660e-001	
  1.6372660e-001	
  1.7452660e-001	
  1.7652660e-001	
  1.7092660e-001	
  1.7612660e-001	
  1.8592660e-001	
  1.9352660e-001	
  1.9522660e-001	
  1.9322660e-001	
  1.9342660e-001	
  1.8792660e-001	
  1.8272660e-001	
  1.6952660e-001	
  1.6332660e-001	
  1.4572660e-001	
  1.2462660e-001	
  1.0872660e-001	
  7.9226600e-002	
  5.0826600e-002	
  3.2526600e-002	
  1.0026600e-002	
 -1.0373400e-002	
 -2.4673400e-002	
 -3.4073400e-002	
 -4.7673400e-002	
 -6.1273400e-002	
 -6.7473400e-002	
 -7.5873400e-002	
 -7.1673400e-002	
 -6.1973400e-002	
 -5.1173400e-002	
 -3.8873400e-002	
 -2.6573400e-002	
 -3.0734000e-003	
  1.5326600e-002	
  4.1126600e-002	
  6.7126600e-002	
  8.2226600e-002	
  1.0872660e-001	
  1.2082660e-001	
  1.2772660e-001	
  1.3722660e-001	
  1.4332660e-001	
  1.4422660e-001	
  1.4882660e-001	
  1.4982660e-001	
  1.4862660e-001	
  1.5622660e-001	
  1.4562660e-001	
  1.4722660e-001	
  1.4702660e-001	
  1.4652660e-001	
  1.4512660e-001	
  1.3472660e-001	
  1.2522660e-001	
  1.1232660e-001	
  8.4126600e-002	
  6.0026600e-002	
  4.5026600e-002	
  1.8526600e-002	
  7.2660000e-004	
 -1.4473400e-002	
 -2.7073400e-002	
 -4.4273400e-002	
 -5.5873400e-002	
 -7.9073400e-002	
 -8.2073400e-002	
 -8.5873400e-002	
 -9.1273400e-002	
 -8.0073400e-002	
 -6.8673400e-002	
 -5.6873400e-002	
 -3.6273400e-002	
 -1.8373400e-002	
  1.2266000e-003	
  1.6826600e-002	
  4.9226600e-002	
  7.4726600e-002	
  1.1152660e-001	
  1.4452660e-001	
  1.5822660e-001	
  1.6882660e-001	
  1.8802660e-001	
  1.9142660e-001	
  1.9052660e-001	
  2.0322660e-001	
  2.0962660e-001	
  2.1022660e-001	
  1.9802660e-001	
  1.9782660e-001	
  1.9842660e-001	
  2.0572660e-001	
  2.0182660e-001	
  1.9882660e-001	
  1.9232660e-001	
  1.7762660e-001	
  1.6022660e-001	
  1.3212660e-001	
  1.1272660e-001	
  8.5426600e-002	
  5.7926600e-002	
  3.0926600e-002	
 -1.3734000e-003	
 -2.3473400e-002	
 -5.4273400e-002	
 -7.1273400e-002	
 -8.7573400e-002	
 -9.4073400e-002	
 -9.6673400e-002	
 -9.5873400e-002	
 -8.5473400e-002	
 -6.5673400e-002	
 -4.5773400e-002	
 -1.8773400e-002	
  1.2126600e-002	
  4.0026600e-002	
  7.7726600e-002	
  1.1672660e-001	
  1.5752660e-001	
  1.7762660e-001	
  1.9282660e-001	
  2.0912660e-001	
  2.2562660e-001	
  2.2032660e-001	
  2.2902660e-001	
  2.2982660e-001	
  2.3062660e-001	
  2.3422660e-001	
  2.3222660e-001	
  2.1702660e-001	
  2.1422660e-001	
  2.0372660e-001	
  1.9412660e-001	
  1.6542660e-001	
