0
0
0.0000252
6.8875E-05
0.000128262
0.000203219
0.000295497
0.000408397
0.000546674
0.000716623
0.000926297
0.001185854
0.001508031
0.001908761
0.002407954
0.003030495
0.003807476
0.004777759
0.005989921
0.007504682
0.009397954
0.011764642
0.014723396
0.018422557
0.023047576
0.028830289
0.036060504
0.045100465
0.056402904
0.070533571
0.088199311
0.11028306
0.13788741
0.17238874
0.21550444
0.26937623
0.33667312
0.42071825
0.52564473
0.65658586
0.81990609
1.0234789
1.2770178
1.5924641
1.9844326
2.4707091
3.0727807
3.8163643
4.7318628
5.8546428
7.2249565
8.8872536
10.888525
13.275212
16.088138
19.354934
23.079644
27.229779
31.722174
36.410653
41.080433
45.455621
49.225438
52.090563
53.822596
54.320062
53.639465
51.985803
49.663362
47.00558
44.310433
41.800695
39.613478
37.811224
36.402245
35.361423
34.646342
34.207888
33.996251
33.963812
34.06625
34.26279
34.516182
34.7927
35.06229
35.29886
35.48065
35.590584
35.616506
35.551206
35.39221
35.141307
34.803864
34.387992
33.903658
33.36181
32.773615
32.149834
31.500376
30.834011
30.158243
29.479297
28.802193
28.130873
27.468357
26.816908
26.17818
25.553361
24.943291
24.348556
23.769573
23.206647
22.660021
22.129911
21.616538
21.120149
20.641033
20.179545
19.736112
19.311258
18.905613
18.519934
18.155126
17.812261
17.492604
17.197642
16.929115
16.689047
16.479791
16.30406
16.164979
16.066123
16.011563
16.005904
16.054321
16.162576
16.33702
16.584565
16.912611
17.328921
17.841418
18.457894
19.185589
20.030653
20.997442
22.087672
23.299434
24.626119
26.055339
27.567978
29.137542
30.730036
32.304579
33.814928
35.212012
36.447347
37.477044
38.265871
38.790736
39.04293
39.028678
38.767871
38.291222
37.636421
36.844
35.953593
35.001072
34.016753
33.024661
32.042617
31.08291
30.153239
29.25776
28.398051
27.573941
26.784171
26.026883
25.299963
24.601271
23.928773
23.280626
22.655198
22.051082
21.467081
20.902186
20.355563
19.826521
19.314505
18.819072
18.339882
17.876692
17.429353
16.997803
16.582076
16.182304
15.798726
15.431702
15.081725
14.749441
14.435674
14.141448
13.868023
13.616933
13.390025
13.189513
13.018035
12.878715
12.775242
12.711941
12.693869
12.726895
12.8178
12.97435
13.205371
13.520783
13.931592
14.449802
15.088227
15.860146
16.778765
17.856424
19.103499
20.526964
22.128591
23.902856
25.834662
27.897155
30.050011
32.238714
34.395419
36.441911
38.294941
39.873693
41.108554
41.9497
42.373686
42.386433
42.021741
41.335606
40.397709
39.282069
38.058783
36.788148
35.51761
34.281224
33.100908
31.988666
30.949096
29.981737
29.08301
28.247693
27.46995
26.744009
26.064552
25.42692
24.827188
24.26216
23.729326
23.226792
22.753213
22.307723
21.889884
21.499634
21.137252
20.803333
20.498772
20.224751
19.982743
19.774504
19.602082
19.467822
19.374363
19.32464
19.321876
19.369558
19.471408
19.631327
19.853313
20.141353
20.499277
20.930558
21.438076
22.023821
22.688544
23.431369
24.249371
25.137146
26.086412
27.085697
28.120155
29.171595
30.218772
31.237993
32.204053
33.091478
33.875995
34.536083
35.054461
35.419282
35.624905
35.672102
35.567688
35.323628
34.955769
34.482386
33.922722
33.295712
32.618977
31.908146
31.176504
30.434897
29.691855
28.953832
28.225525
27.510204
26.810025
26.126311
25.459785
24.810752
24.179251
23.565151
22.968234
22.388245
21.824929
21.278054
20.747425
20.232896
19.734373
19.251827
18.785292
18.334874
17.90076
17.483227
17.082651
16.699524
16.334467
15.988255
15.661835
15.356358
15.073207
14.814034
14.580803
14.375839
14.201874
14.062114
13.960297
13.900767
13.888538
13.92937
14.02983
14.197347
14.440238
14.767704
15.189763
15.717111
16.36087
17.132188
18.041662
19.098537
20.309641
21.678069
23.201606
24.870984
26.668127
28.564607
30.52068
32.485291
34.39747
36.189428
37.791398
39.137877
40.174492
40.864298
41.192228
41.166644
40.817565
40.191926
39.346958
38.343101
37.237794
36.081015
34.912866
33.763019
32.651501
31.590264
30.585047
29.637162
28.745039
27.905427
27.114281
26.367355
25.660581
24.990282
24.35327
23.746878
23.16894
22.617759
22.092058
21.590934
21.113818
20.66044
20.230806
19.825179
19.44407
19.088237
18.758693
18.456713
18.183852
17.941969
17.733245
17.560215
17.425795
17.333306
17.286503
17.289591
17.347232
17.464541
17.647049
17.900652
18.231496
18.64583
19.149775
19.749022
20.448431
21.251529
22.159901
23.172489
24.284824
25.488241
26.769165
28.108566
29.481728
30.858471
32.203957
33.480164
34.64801
35.670015
36.51321
37.15194
37.570104
37.762481
37.734862
37.502979
37.090435
36.525991
35.840696
35.065259
34.227984
33.353414
32.46166
31.568327
30.684851
29.819087
28.975993
28.158315
27.367197
26.602687
25.86414
25.150508
24.460554
23.792988
23.146552
22.520072
21.912477
21.322805
20.750203
20.193911
19.653254
19.127628
18.616489
18.119343
17.635739
17.165256
16.707504
16.262116
15.828746
15.407062
14.996752
14.597515
14.209064
13.831124
13.463432
13.105738
12.757804
12.419404
12.090324
11.770367
11.459348
11.157102
10.863479
10.578352
10.301618
10.033199
9.7730493
9.5211595
9.2775623
9.0423408
8.8156373
8.5976646
8.3887194
8.1891991
7.9996218
7.8206504
7.6531219
7.4980834
7.3568343
7.2309787
7.1224871
7.0337707
6.9677706
6.928063
6.9189831
6.9457705
7.0147369
7.1334563
7.310978
7.5580563
7.8873889
8.313847
8.8546705
9.5295857
10.360784
11.372671
12.591273
14.043138
15.753558
17.743919
20.028013
22.607263
25.465003
28.560345
31.822659
35.148261
38.401396
41.421578
44.038493
46.093757
47.466015
48.093345
47.986064
47.22508
45.945585
44.311051
42.485506
40.611485
38.797637
37.115939
35.60578
34.281437
33.140092
32.168742
31.349364
30.662377
30.088719
29.610946
29.213686
28.883716
28.609839
28.382654
28.194317
28.038291
27.909132
27.802296
27.713985
27.641011
27.580689
27.530751
27.489277
27.454634
27.425433
27.400492
27.378805
27.359515
27.341901
27.325353
27.309364
27.293517
27.277476
27.260973
27.243809
27.225839
27.206973
27.187166
27.166416
27.144758
27.122261
27.099022
27.075167
27.050839
27.026205
27.001444
26.976746
26.952314
26.928354
26.905075
26.882687
26.861399
26.841414
26.822927
26.806125
26.791182
26.778259
26.767502
26.759037
26.752972
26.749396
26.748372
26.749944
26.754128
26.760916
26.770275
26.782145
26.79644
26.813046
26.831828
26.85262
26.875236
26.899466
26.925079
26.951825
26.979437
27.007635
27.036126
27.064609
27.092779
27.120328
27.14695
27.172347
27.196227
27.218312
27.238342
27.256075
27.271292
27.2838
27.293434
27.30006
27.303576
27.303912
27.301035
27.294946
27.285679
27.273305
27.257928
27.239683
27.218737
27.195287
27.169555
27.141788
27.112254
27.081241
27.049052
27.016005
26.982425
26.948645
26.915003
26.881837
26.849481
26.818268
26.788518
26.760544
26.734643
26.711096
26.690166
26.672095
26.657099
26.64537
26.637072
26.632337
26.631267
26.633928
26.640353
26.650537
26.664438
26.681977
26.703034
26.727452
26.755035
26.785551
26.81873
26.854269
26.891831
26.931052
26.971539
27.01288
27.054641
27.096379
27.137638
27.177962
27.216896
27.253994
27.288823
27.320972
27.350052
27.375708
27.397617
27.415498
27.429113
27.438271
27.442832
27.442704
27.43785
27.428284
27.414075
27.395339
27.372244
27.345006
27.313881
27.279171
27.241211
27.200371
27.157051
27.111673
27.064682
27.016537
26.967711
26.918681
26.869931
26.821941
26.775187
26.730137
26.687246
26.646954
26.609681
26.575822
26.54575
26.519806
26.498299
26.481502
26.469652
26.462943
26.461523
26.465497
26.47492
26.489794
26.510068
26.535639
26.566346
26.60197
26.642239
26.686822
26.735335
26.787339
26.842346
26.899824
26.959194
27.019846
27.081137
27.142403
27.202964
27.262133
27.319228
27.373575
27.424526
27.471459
27.513795
27.551001
27.582601
27.608182
27.627399
27.639984
27.645743
27.644563
27.636413
27.621341
27.599473
27.571014
27.536238
27.495489
27.449174
27.397753
27.34174
27.28169
27.218197
27.151884
27.083398
27.013403
26.942575
26.871596
26.801147
26.731906
26.664539
26.599698
26.538018
26.480109
26.426555
26.37791
26.334692
26.297381
26.266415
26.242185
26.225032
26.215242
26.213045
26.218605
26.232022
26.253323
26.282465
26.319322
26.363692
26.415288
26.47374
26.538591
26.609301
26.685248
26.765728
26.849963
26.937107
27.026251
27.116435
27.206658
27.295892
27.383094
27.467221
27.547247
27.622177
27.691064
27.753025
27.807255
27.853039
27.889764
27.916932
27.934162
27.941199
27.937915
27.924308
27.900501
27.866738
27.823378
27.770882
27.709812
27.640812
27.564606
27.481978
27.393768
27.300857
27.204161
27.104617
27.003174
26.900791
26.798422
26.697015
26.597504
26.500804
26.407806
26.319374
26.236341
26.159503
26.089616
26.027396
25.97351
25.928571
25.89314
25.867713
25.852719
25.848517
25.855383
25.873508
25.90299
25.943826
25.995905
26.059002
26.132773
26.216748
26.310325
26.412773
26.523227
26.640692
26.764045
26.892046
27.023347
27.156502
27.289992
27.422239
27.551629
27.676542
27.795376
27.906574
28.008657
28.100247
28.180096
28.247108
28.300362
28.339124
28.362861
28.371247
28.364165
28.341704
28.30415
28.251976
28.185824
28.106492
28.014911
27.912129
27.799285
27.677594
27.548328
27.412795
27.272327
27.128267
26.981955
26.834717
26.687862
26.542673
26.400401
26.262263
26.129439
26.003068
25.884249
25.774036
25.673439
25.583419
25.504885
25.438693
25.385636
25.346443
25.321768
25.312186
25.318177
25.340121
25.378282
25.432795
25.503657
25.590704
25.693604
25.811842
25.944704
26.091269
26.250402
26.420747
26.60073
26.788565
26.982261
27.179648
27.378393
27.576042
27.770053
27.95784
28.136828
28.304503
28.458464
28.596483
28.716548
28.816914
28.89614
28.953115
28.987084
28.997648
28.984768
28.94875
28.890224
28.810114
28.709603
28.590095
28.453176
28.300571
28.134105
27.955672
27.767199
27.570621
27.367857
27.160794
26.951274
26.741085
26.531953
26.325544
26.123461
25.927246
25.738382
25.5583
25.388378
25.229949
25.084299
24.952672
24.83627
24.736252
24.653729
24.58976
24.545345
24.521416
24.518818
24.538301
24.580494
24.645886
24.734802
24.847374
24.983508
25.14286
25.324798
25.528378
25.752308
25.994932
26.25421
26.527709
26.812606
27.105704
27.403465
27.702049
27.997386
28.285249
28.561346
