0.197763
-0.188913
1.210720
2.328290
1.646934
1.592611
1.698776
0.568727
0.470159
1.396268
-0.752971
0.422179
1.505409
-0.631839
-0.067933
0.965558
1.281556
1.947221
0.714517
0.159314
0.674663
-0.048157
2.265238
-0.406668
-0.432513
0.171735
-0.851939
1.058094
-1.770441
0.414045
-1.931614
-1.587522
-1.395444
-0.007319
-1.625866
-1.533030
-0.907583
0.296201
0.837280
0.057615
-1.158031
-1.192294
-1.345281
-2.263557
0.763348
-0.953294
-2.567446
-1.883054
-0.541097
-0.820828
-1.678794
0.044077
1.423505
-0.385705
-0.136077
-0.066426
-0.072829
0.528013
-0.133544
0.137932
-0.353794
0.905818
-0.825034
2.488218
-0.181086
0.999182
2.150338
1.837730
1.216371
2.722195
2.783282
1.159821
1.500903
1.142652
2.938528
0.255055
2.619998
0.816632
1.751352
-1.052138
-0.091466
1.453743
0.466077
-1.289266
0.167884
-0.346660
-1.270254
1.301293
-0.990979
-0.000139
-0.009553
0.410270
-1.509943
-0.656976
0.462085
-1.751750
-1.714089
0.177423
-0.520419
-2.881415
-1.838524
1.570502
-0.140221
-1.444717
-1.477351
-2.093225
-0.723371
0.452381
1.757892
-0.250478
0.201923
0.433608
1.051175
0.610445
1.546671
0.786004
-0.866799
1.120930
-0.007526
0.538625
0.323320
2.415273
0.771306
-0.028776
-0.560657
1.459217
-0.990868
0.891261
0.851122
1.735050
-1.109825
1.168735
2.933421
0.992394
2.160782
1.778999
3.533832
2.038149
1.673308
0.007142
-0.572722
1.627320
-1.074006
0.639000
-1.515352
-0.607370
0.533966
-1.142316
-0.725691
-0.924664
0.944200
-0.848624
0.779905
-2.607897
-0.303577
-1.530833
-1.317993
-0.659708
-1.103161
-0.331691
-1.006242
0.115558
-1.533029
-0.152133
-1.036022
-0.093794
-0.741224
-0.227967
0.097539
-1.521113
-1.159411
1.294299
-1.099340
0.417464
-0.890554
-0.827315
0.080985
1.631559
0.305686
-1.227227
-1.351989
0.696462
0.930556
-1.824260
1.129213
0.495842
1.187428
-0.581856
2.075181
0.678958
1.759869
1.417307
0.871065
0.702006
0.781314
0.778983
1.604859
-0.127479
-0.206886
0.903935
0.571851
1.870421
2.350612
2.254222
0.224456
1.175399
-0.153887
0.405381
-0.946142
-0.636951
0.317956
-0.507395
-2.723987
0.045952
-1.294822
-1.814557
-1.361570
-1.360506
0.291138
-0.337277
-1.171106
0.573363
-1.406305
-1.267269
-0.554287
-2.491037
-1.418214
-2.323354
-1.047836
-0.307872
-1.782640
-0.891417
-2.071465
-1.726847
-0.980529
-0.410222
-1.461562
-0.437350
-0.622684
0.932204
-0.352221
-1.236910
0.954372
1.598155
1.188145
-0.365500
-1.126420
0.617493
-0.548400
0.699974
-1.170272
1.378425
2.352950
-0.968144
0.371830
0.662833
1.368394
-1.532457
1.913922
0.341664
1.029529
0.865876
1.922305
-0.704176
0.327879
0.365983
2.737966
0.135784
1.048166
2.769219
0.842215
-1.588573
-0.195953
-0.804646
-1.416079
0.447703
-1.411491
-0.596112
-1.648362
-0.516161
-0.389471
-1.117421
-1.622413
-0.339459
-1.517011
-0.731307
-0.779260
-3.060787
-0.902364
-0.830490
-0.665071
0.140890
-2.051814
-0.578919
0.359572
0.026032
-1.354476
1.872479
-2.201935
-0.949864
-0.796956
-0.028958
-2.354283
0.448334
0.079782
1.472704
1.309380
-0.016451
-0.472141
-0.188721
-1.586047
0.872844
-1.473702
1.313114
0.334539
0.745401
3.034469
1.054725
2.700967
1.413221
-0.444470
1.003508
0.058877
-0.269210
-0.057065
1.789077
2.112310
-0.394911
-0.540014
1.532940
1.628337
-0.528310
-0.756035
-1.197632
-1.531630
0.776848
-2.009356
-0.620364
-1.714431
-1.752210
-0.139808
-1.060896
0.515917
-0.532172
-0.897780
-0.544753
0.232893
-0.318939
0.211963
-2.128435
-0.022597
-0.881580
-2.778495
-1.685388
-1.072828
-1.366025
-1.163899
-2.979465
0.857051
-1.424712
-1.327569
0.274465
-1.163377
0.185184
0.203888
0.734506
0.163226
-1.553749
-1.004673
1.550419
-0.977788
-0.633603
0.974460
0.305282
1.224236
0.297694
-1.263040
1.685411
2.122048
-0.743638
0.480672
0.571422
2.960161
0.587616
1.426445
0.363553
1.518992
3.272671
0.658054
0.972016
0.409154
-0.200351
0.434936
0.364389
1.999156
2.003493
1.026729
0.428325
0.265991
0.802974
0.732485
0.378433
-0.627704
-2.016394
0.164304
-0.566438
-1.705248
-0.266457
-1.287292
-0.105795
-1.457257
-0.234881
-1.990021
-0.133554
0.324490
-0.932044
-1.311367
-2.954523
-1.176298
0.547795
-2.107461
-0.842627
0.113623
0.059085
-0.500024
0.184964
0.304305
0.229126
-0.779783
0.879623
-0.445034
0.803057
-0.974747
0.607622
1.656826
0.136411
0.140081
0.511202
-1.305372
0.048975
0.964313
1.615460
0.492659
1.904458
2.556252
1.379265
1.336046
2.306499
0.948183
1.968884
0.404069
0.626179
1.666519
0.956341
1.300866
1.819134
-1.158358
0.161839
1.991729
-0.063456
0.411448
-0.219267
0.145436
-1.964875
-1.877828
0.116293
0.080029
-0.979994
-0.827047
-0.647371
-2.583513
-0.657043
-0.974507
-2.567156
-0.703927
1.970812
-1.904399
-2.147902
-0.995011
0.876772
-2.295929
0.084472
-0.783263
-2.711844
-0.547487
-0.379112
-1.190607
-0.277483
-1.564075
0.202839
1.953105
0.218335
-0.830421
0.213505
-0.402194
1.351848
1.042925
-1.321246
1.129716
-0.250371
1.150459
2.033714
0.790956
-0.546427
1.364499
1.707810
1.371516
0.315225
2.386788
1.743574
0.954101
1.050364
0.932571
1.004928
1.796380
0.563527
0.982573
1.962877
-0.556318
0.012241
0.231978
2.410174
-0.811970
0.229766
1.442061
-1.063738
-1.559936
-0.201914
1.708439
-3.394500
-1.338903
-1.822375
-2.804183
-1.818266
-1.487831
-3.294428
-1.044949
-2.050214
-0.450191
-1.508554
-0.508737
-1.281332
-1.245553
-0.792770
0.853936
-2.462229
0.668996
-0.623615
-2.108196
0.869691
-2.311142
-1.504253
-0.508779
-1.825246
1.201319
1.416199
-2.060299
0.113667
-0.611680
-0.640582
0.122183
-0.629153
-1.773489
0.049310
0.219930
-0.051970
0.259253
2.255275
1.980963
-0.043545
1.095643
-0.124632
1.979456
2.303757
0.460015
-0.470893
-0.148359
3.634494
3.106890
-0.385124
0.846853
0.622482
0.692332
0.931602
-1.607915
-0.719089
-0.258910
-0.532505
0.954807
1.013749
0.228969
-1.377496
-0.602226
-0.097788
0.090696
-2.067355
-0.530847
-1.672124
-0.634674
-1.406822
0.066641
-1.689258
-0.960542
-1.772417
-0.987534
-0.365698
-0.126866
-0.170330
-1.130755
-0.920876
1.252151
-1.663372
0.171854
-1.313401
-2.181492
-0.368429
-1.266420
0.978685
-0.782633
0.497387
-0.005794
1.312058
-0.341960
0.165167
0.305614
-0.412382
1.283789
0.309326
-0.111643
1.506582
0.854798
1.250616
-0.241752
1.489017
2.645436
1.175171
0.900227
1.464806
1.209040
1.742348
-0.420958
0.427234
0.998363
1.231930
1.384290
-0.701550
-0.563734
2.137336
-0.820194
0.525040
-0.321633
-1.748194
2.321235
-0.872135
-1.135376
-0.064339
-0.952316
0.348862
-0.744331
-1.971672
0.882134
-1.998585
-1.195177
-4.072181
-1.023431
-1.198913
-1.157001
-3.175992
-0.586361
-0.166200
-1.151537
-1.101176
0.489584
0.301931
-0.010887
-1.250630
-0.803353
-1.315197
-1.165347
0.930474
0.240159
0.510809
-0.729412
-1.879400
1.452458
0.259196
0.740061
0.232616
0.436658
0.479623
0.936250
1.158444
0.275092
1.422015
-0.213546
0.641602
1.873892
0.090417
0.445803
1.275773
0.953653
-1.006999
2.020624
-1.605614
0.366127
0.378365
0.360954
2.978000
0.020849
2.127688
1.911189
0.110374
0.572279
1.196295
0.114273
-1.059819
-1.215835
-2.185932
-1.406219
-1.346102
-1.082098
0.113950
-0.358092
-1.119466
-1.494665
-0.123607
-2.247870
-3.292719
-0.152987
0.221339
-0.053945
-1.674965
-2.097327
-1.069844
-1.288323
-1.161829
-0.505483
0.459769
-2.564015
-2.044819
-1.902623
1.553756
0.520735
-1.552008
-0.030524
0.582076
-1.013794
-0.182679
0.713782
2.060873
1.029123
1.843799
0.114471
-1.650581
0.993563
1.148001
1.177485
0.462750
1.327322
1.083253
2.768350
-0.173447
1.936556
0.338560
1.040965
1.176265
0.313165
0.416156
1.412450
1.448128
-0.119073
-0.170610
0.643931
-0.873619
-0.570903
-0.436285
-0.453887
-0.468974
-1.447967
-1.180896
-0.230806
0.294474
1.604388
-1.035771
2.275560
-0.852911
-0.364406
-1.621567
-0.641937
-0.981795
-1.613218
-0.109669
-1.323536
-2.390721
1.781440
-2.382134
-1.474873
-1.185155
0.589531
-2.047524
-0.305477
-1.030869
-0.997401
-1.280626
-0.713956
-0.485763
-1.222980
0.485456
0.898172
0.107138
-0.242478
0.760786
0.539560
0.618132
0.169803
-1.327170
1.238517
2.853784
0.715126
0.842022
1.215567
-0.189262
3.005479
2.677790
-0.255709
0.515756
1.302316
1.436214
1.787901
0.547117
-1.171654
0.070537
0.594519
0.476995
1.350037
-0.120768
0.420706
0.853566
1.147907
-3.129734
-0.423779
0.154672
1.007717
-0.711379
-0.619077
-1.674923
-0.135897
-2.577397
-0.534801
0.346659
-2.117074
-0.123551
-2.090183
-1.838737
-1.788948
2.005142
-1.427422
-1.275502
-0.854788
-0.831184
-1.253202
-0.395350
0.703355
-1.951245
-1.571069
0.116225
-2.227342
-0.162818
0.342584
0.750788
-0.725318
1.545224
0.196944
1.111433
0.964548
1.009859
1.651690
1.966819
1.183403
-0.220218
0.499966
1.650364
-0.854848
0.691133
0.834745
1.195772
2.849133
0.477002
0.014078
-0.030303
0.386523
0.226005
2.737639
2.373654
-0.040603
0.036363
-0.306658
0.383051
0.490805
-0.134849
-0.389079
0.689790
0.843649
-1.759879
0.014548
-0.013034
-0.074193
1.792714
-0.258131
0.651426
-0.687776
-0.422143
0.483594
-1.926760
-0.222815
-1.567442
-0.172130
-1.503606
-0.828079
-1.770943
0.157035
-0.183647
-0.912149
-1.695552
-2.195496
-0.093393
-0.755792
-0.323036
-0.872932
-0.788059
-1.118346
0.490151
-0.626089
-0.266191
0.806840
0.597518
-0.377398
-0.321769
1.062046
1.031287
-0.444648
0.270015
1.918715
0.977081
1.219877
1.443399
0.647867
0.951393
1.444350
1.879110
1.936989
1.866983
0.000801
0.759933
-0.078007
0.395685
0.365095
0.671780
0.518475
-0.273298
-0.416544
0.548864
-0.081801
0.894851
0.478519
-1.450433
2.623412
0.915385
-0.214603
0.942060
-0.440421
1.125244
0.552041
-0.757057
-0.072783
-3.952519
0.902725
-2.033697
1.568977
-1.722812
-2.131926
0.910784
-2.636632
-1.294836
-1.652304
-0.138162
-2.240426
0.135325
0.272431
0.068941
2.062274
