  1.0000000e-001	
  9.0000000e-002	
  8.3800000e-002	
  8.0712000e-002	
  8.0226278e-002	
  8.1973204e-002	
  8.5694067e-002	
  9.1218895e-002	
  9.8449706e-002	
  1.0734800e-001	
  1.1792557e-001	
  1.3023793e-001	
  1.4437981e-001	
  1.6048235e-001	
  1.7871165e-001	
  1.9926844e-001	
  2.2238877e-001	
  2.4834551e-001	
  2.7745066e-001	
  3.1005838e-001	
  3.4656876e-001	
  3.8743225e-001	
  4.3315485e-001	
  4.8430408e-001	
  5.4151570e-001	
  6.0550133e-001	
  6.7705698e-001	
  7.5707259e-001	
  8.4654261e-001	
  9.4657774e-001	
  1.0584179e+000	
  1.1834465e+000	
  1.3232059e+000	
  1.4794142e+000	
  1.6539838e+000	
  1.8490399e+000	
  2.0669409e+000	
  2.3102988e+000	
  2.5819988e+000	
  2.8852180e+000	
  3.2234397e+000	
  3.6004636e+000	
  4.0204048e+000	
  4.4876800e+000	
  5.0069717e+000	
  5.5831622e+000	
  6.2212240e+000	
  6.9260500e+000	
  7.7022018e+000	
  8.5535478e+000	
  9.4827595e+000	
  1.0490626e+001	
  1.1575149e+001	
  1.2730388e+001	
  1.3945044e+001	
  1.5200810e+001	
  1.6470607e+001	
  1.7716938e+001	
  1.8890744e+001	
  1.9931360e+001	
  2.0768302e+001	
  2.1325614e+001	
  2.1529195e+001	
  2.1316805e+001	
  2.0649281e+001	
  1.9520335e+001	
  1.7961705e+001	
  1.6041228e+001	
  1.3853513e+001	
  1.1505644e+001	
  9.1020734e+000	
  6.7327183e+000	
  4.4664315e+000	
  2.3497872e+000	
  4.0963666e-001	
 -1.3425014e+000	
 -2.9057559e+000	
 -4.2858271e+000	
 -5.4918720e+000	
 -6.5343603e+000	
 -7.4237523e+000	
 -8.1698072e+000	
 -8.7813379e+000	
 -9.2662647e+000	
 -9.6318473e+000	
 -9.8850067e+000	
 -1.0032664e+001	
 -1.0082044e+001	
 -1.0040909e+001	
 -9.9176888e+000	
 -9.7215048e+000	
 -9.4620929e+000	
 -9.1496314e+000	
 -8.7945069e+000	
 -8.4070435e+000	
 -7.9972274e+000	
 -7.5744517e+000	
 -7.1473045e+000	
 -6.7234115e+000	
 -6.3093394e+000	
 -5.9105572e+000	
 -5.5314511e+000	
 -5.1753796e+000	
 -4.8447619e+000	
 -4.5411851e+000	
 -4.2655229e+000	
 -4.0180567e+000	
 -3.7985928e+000	
 -3.6065720e+000	
 -3.4411687e+000	
 -3.3013774e+000	
 -3.1860872e+000	
 -3.0941438e+000	
 -3.0244001e+000	
 -2.9757568e+000	
 -2.9471933e+000	
 -2.9377917e+000	
 -2.9467533e+000	
 -2.9734105e+000	
 -3.0172335e+000	
 -3.0778346e+000	
 -3.1549682e+000	
 -3.2485304e+000	
 -3.3585550e+000	
 -3.4852098e+000	
 -3.6287901e+000	
 -3.7897118e+000	
 -3.9685028e+000	
 -4.1657926e+000	
 -4.3822995e+000	
 -4.6188157e+000	
 -4.8761879e+000	
 -5.1552942e+000	
 -5.4570144e+000	
 -5.7821939e+000	
 -6.1315987e+000	
 -6.5058590e+000	
 -6.9054014e+000	
 -7.3303660e+000	
 -7.7805072e+000	
 -8.2550772e+000	
 -8.7526903e+000	
 -9.2711708e+000	
 -9.8073849e+000	
 -1.0357064e+001	
 -1.0914630e+001	
 -1.1473032e+001	
 -1.2023626e+001	
 -1.2556112e+001	
 -1.3058567e+001	
 -1.3517613e+001	
 -1.3918747e+001	
 -1.4246862e+001	
 -1.4486966e+001	
 -1.4625086e+001	
 -1.4649285e+001	
 -1.4550721e+001	
 -1.4324601e+001	
 -1.3970907e+001	
 -1.3494739e+001	
 -1.2906223e+001	
 -1.2219928e+001	
 -1.1453880e+001	
 -1.0628295e+001	
 -9.7641954e+000	
 -8.8821002e+000	
 -8.0009167e+000	
 -7.1371367e+000	
 -6.3043566e+000	
 -5.5131028e+000	
 -4.7709052e+000	
 -4.0825490e+000	
 -3.4504327e+000	
 -2.8749760e+000	
 -2.3550293e+000	
 -1.8882573e+000	
 -1.4714787e+000	
 -1.1009532e+000	
 -7.7261742e-001	
 -4.8227025e-001	
 -2.2571457e-001	
  1.1388176e-003	
  2.0219882e-001	
  3.8114717e-001	
  5.4141187e-001	
  6.8615630e-001	
  8.1828028e-001	
  9.4042974e-001	
  1.0550127e+000	
  1.1642192e+000	
  1.2700439e+000	
  1.3743102e+000	
  1.4786942e+000	
  1.5847490e+000	
  1.6939280e+000	
  1.8076071e+000	
  1.9271059e+000	
  2.0537073e+000	
  2.1886759e+000	
  2.3332746e+000	
  2.4887799e+000	
  2.6564957e+000	
  2.8377649e+000	
  3.0339794e+000	
  3.2465884e+000	
  3.4771028e+000	
  3.7270976e+000	
  3.9982096e+000	
  4.2921308e+000	
  4.6105942e+000	
  4.9553528e+000	
  5.3281477e+000	
  5.7306635e+000	
  6.1644674e+000	
  6.6309291e+000	
  7.1311166e+000	
  7.6656632e+000	
  8.2346021e+000	
  8.8371632e+000	
  9.4715314e+000	
  1.0134564e+001	
  1.0821473e+001	
  1.1525489e+001	
  1.2237515e+001	
  1.2945822e+001	
  1.3635830e+001	
  1.4290032e+001	
  1.4888162e+001	
  1.5407678e+001	
  1.5824638e+001	
  1.6115015e+001	
  1.6256422e+001	
  1.6230117e+001	
  1.6023090e+001	
  1.5629895e+001	
  1.5053889e+001	
  1.4307581e+001	
  1.3411933e+001	
  1.2394664e+001	
  1.1287823e+001	
  1.0125051e+001	
  8.9389520e+000	
  7.7589675e+000	
  6.6099274e+000	
  5.5113358e+000	
  4.4772885e+000	
  3.5168572e+000	
  2.6347577e+000	
  1.8321448e+000	
  1.1074144e+000	
  4.5694133e-001	
 -1.2428643e-001	
 -6.4214927e-001	
 -1.1029888e+000	
 -1.5133003e+000	
 -1.8795094e+000	
 -2.2078160e+000	
 -2.5040927e+000	
 -2.7738236e+000	
 -3.0220742e+000	
 -3.2534835e+000	
 -3.4722718e+000	
 -3.6822596e+000	
 -3.8868925e+000	
 -4.0892696e+000	
 -4.2921731e+000	
 -4.4980970e+000	
 -4.7092736e+000	
 -4.9276966e+000	
 -5.1551392e+000	
 -5.3931682e+000	
 -5.6431513e+000	
 -5.9062586e+000	
 -6.1834567e+000	
 -6.4754956e+000	
 -6.7828876e+000	
 -7.1058774e+000	
 -7.4444039e+000	
 -7.7980534e+000	
 -8.1660043e+000	
 -8.5469647e+000	
 -8.9391043e+000	
 -9.3399839e+000	
 -9.7464854e+000	
 -1.0154749e+001	
 -1.0560125e+001	
 -1.0957149e+001	
 -1.1339547e+001	
 -1.1700292e+001	
 -1.2031716e+001	
 -1.2325680e+001	
 -1.2573830e+001	
 -1.2767918e+001	
 -1.2900184e+001	
 -1.2963790e+001	
 -1.2953266e+001	
 -1.2864931e+001	
 -1.2697247e+001	
 -1.2451056e+001	
 -1.2129677e+001	
 -1.1738821e+001	
 -1.1286342e+001	
 -1.0781835e+001	
 -1.0236126e+001	
 -9.6607009e+000	
 -9.0671364e+000	
 -8.4665789e+000	
 -7.8693135e+000	
 -7.2844441e+000	
 -6.7196929e+000	
 -6.1813112e+000	
 -5.6740866e+000	
 -5.2014246e+000	
 -4.7654816e+000	
 -4.3673296e+000	
 -4.0071341e+000	
 -3.6843319e+000	
 -3.3977992e+000	
 -3.1460040e+000	
 -2.9271396e+000	
 -2.7392377e+000	
 -2.5802618e+000	
 -2.4481821e+000	
 -2.3410341e+000	
 -2.2569628e+000	
 -2.1942544e+000	
 -2.1513582e+000	
 -2.1269002e+000	
 -2.1196912e+000	
 -2.1287283e+000	
 -2.1531951e+000	
 -2.1924575e+000	
 -2.2460587e+000	
 -2.3137134e+000	
 -2.3953014e+000	
 -2.4908606e+000	
 -2.6005810e+000	
 -2.7247986e+000	
 -2.8639891e+000	
 -3.0187629e+000	
 -3.1898589e+000	
 -3.3781384e+000	
 -3.5845787e+000	
 -3.8102644e+000	
 -4.0563769e+000	
 -4.3241813e+000	
 -4.6150081e+000	
 -4.9302301e+000	
 -5.2712307e+000	
 -5.6393637e+000	
 -6.0359004e+000	
 -6.4619616e+000	
 -6.9184316e+000	
 -7.4058506e+000	
 -7.9242818e+000	
 -8.4731504e+000	
 -9.0510523e+000	
 -9.6555319e+000	
 -1.0282833e+001	
 -1.0927628e+001	
 -1.1582745e+001	
 -1.2238910e+001	
 -1.2884538e+001	
 -1.3505636e+001	
 -1.4085844e+001	
 -1.4606712e+001	
 -1.5048245e+001	
 -1.5389784e+001	
 -1.5611210e+001	
 -1.5694434e+001	
 -1.5625044e+001	
 -1.5393923e+001	
 -1.4998570e+001	
 -1.4443899e+001	
 -1.3742297e+001	
 -1.2912881e+001	
 -1.1980017e+001	
 -1.0971345e+001	
 -9.9155863e+000	
 -8.8404987e+000	
 -7.7711972e+000	
 -6.7290117e+000	
 -5.7308962e+000	
 -4.7893277e+000	
 -3.9125735e+000	
 -3.1051954e+000	
 -2.3686692e+000	
 -1.7020285e+000	
 -1.1024718e+000	
 -5.6589622e-001	
 -8.7345733e-002	
  3.3862887e-001	
  7.1769101e-001	
  1.0555099e+000	
  1.3576110e+000	
  1.6292747e+000	
  1.8754718e+000	
  2.1008292e+000	
  2.3096159e+000	
  2.5057469e+000	
  2.6927963e+000	
  2.8740196e+000	
  3.0523795e+000	
  3.2305746e+000	
  3.4110684e+000	
  3.5961180e+000	
  3.7877997e+000	
  3.9880331e+000	
  4.1986011e+000	
  4.4211657e+000	
  4.6572792e+000	
  4.9083901e+000	
  5.1758426e+000	
  5.4608692e+000	
  5.7645761e+000	
  6.0879195e+000	
  6.4316714e+000	
  6.7963759e+000	
  7.1822919e+000	
  7.5893233e+000	
  8.0169354e+000	
  8.4640572e+000	
  8.9289704e+000	
  9.4091879e+000	
  9.9013253e+000	
  1.0400972e+001	
  1.0902576e+001	
  1.1399345e+001	
  1.1883199e+001	
  1.2344780e+001	
  1.2773552e+001	
  1.3158009e+001	
  1.3486015e+001	
  1.3745285e+001	
  1.3924001e+001	
  1.4011528e+001	
  1.3999197e+001	
  1.3881062e+001	
  1.3654549e+001	
  1.3320899e+001	
  1.2885330e+001	
  1.2356871e+001	
  1.1747864e+001	
  1.1073198e+001	
  1.0349358e+001	
  9.5934073e+000	
  8.8220230e+000	
  8.0506786e+000	
  7.2930302e+000	
  6.5605330e+000	
  5.8622748e+000	
  5.2049936e+000	
  4.5932325e+000	
  4.0295856e+000	
  3.5149911e+000	
  3.0490395e+000	
  2.6302712e+000	
  2.2564477e+000	
  1.9247899e+000	
  1.6321775e+000	
  1.3753123e+000	
  1.1508471e+000	
  9.5548370e-001	
  7.8604502e-001	
  6.3952509e-001	
  5.1312138e-001	
  4.0425278e-001	
  3.1056663e-001	
  2.2993734e-001	
  1.6045893e-001	
  1.0043330e-001	
  4.8355689e-002	
  2.8985325e-003	
 -3.7105521e-002	
 -7.2680623e-002	
 -1.0472437e-001	
 -1.3402374e-001	
 -1.6127009e-001	
 -1.8707306e-001	
 -2.1197348e-001	
 -2.3645501e-001	
 -2.6095492e-001	
 -2.8587369e-001	
 -3.1158382e-001	
 -3.3843785e-001	
 -3.6677557e-001	
 -3.9693076e-001	
 -4.2923739e-001	
 -4.6403540e-001	
 -5.0167626e-001	
 -5.4252829e-001	
 -5.8698190e-001	
 -6.3545483e-001	
 -6.8839738e-001	
 -7.4629789e-001	
 -8.0968832e-001	
 -8.7915024e-001	
 -9.5532099e-001	
 -1.0389004e+000	
 -1.1306581e+000	
 -1.2314405e+000	
 -1.3421799e+000	
 -1.4639024e+000	
 -1.5977373e+000	
 -1.7449270e+000	
 -1.9068371e+000	
 -2.0849665e+000	
 -2.2809580e+000	
 -2.4966082e+000	
 -2.7338767e+000	
 -2.9948934e+000	
 -3.2819640e+000	
 -3.5975701e+000	
 -3.9443647e+000	
 -4.3251584e+000	
 -4.7428940e+000	
 -5.2006046e+000	
 -5.7013500e+000	
 -6.2481232e+000	
 -6.8437191e+000	
 -7.4905528e+000	
 -8.1904163e+000	
 -8.9441580e+000	
 -9.7512701e+000	
 -1.0609373e+001	
 -1.1513588e+001	
 -1.2455804e+001	
 -1.3423863e+001	
 -1.4400727e+001	
 -1.5363727e+001	
 -1.6284056e+001	
 -1.7126732e+001	
 -1.7851305e+001	
 -1.8413578e+001	
 -1.8768545e+001	
 -1.8874524e+001	
 -1.8698174e+001	
 -1.8219629e+001	
 -1.7436705e+001	
 -1.6367020e+001	
 -1.5047202e+001	
 -1.3529084e+001	
 -1.1873628e+001	
 -1.0143957e+001	
 -8.3990036e+000	
 -6.6889112e+000	
 -5.0526061e+000	
 -3.5173812e+000	
 -2.0999192e+000	
 -8.0810813e-001	
  3.5689411e-001	
  1.3987080e+000	
  2.3240776e+000	
  3.1415731e+000	
  3.8606324e+000	
  4.4908918e+000	
  5.0417427e+000	
  5.5220586e+000	
  5.9400426e+000	
  6.3031586e+000	
  6.6181189e+000	
  6.8909056e+000	
  7.1268143e+000	
  7.3305082e+000	
  7.5060780e+000	
  7.6571012e+000	
  7.7867004e+000	
  7.8975973e+000	
  7.9921628e+000	
  8.0724619e+000	
  8.1402946e+000	
  8.1972314e+000	
  8.2446451e+000	
  8.2837381e+000	
  8.3155668e+000	
  8.3410621e+000	
  8.3610474e+000	
  8.3762540e+000	
  8.3873337e+000	
  8.3948704e+000	
  8.3993892e+000	
  8.4013642e+000	
  8.4012250e+000	
  8.3993623e+000	
  8.3961321e+000	
  8.3918594e+000	
  8.3868413e+000	
  8.3813492e+000	
  8.3756307e+000	
  8.3699113e+000	
  8.3643952e+000	
  8.3592665e+000	
  8.3546899e+000	
  8.3508111e+000	
  8.3477574e+000	
  8.3456379e+000	
  8.3445440e+000	
  8.3445494e+000	
  8.3457108e+000	
  8.3480678e+000	
  8.3516433e+000	
  8.3564440e+000	
  8.3624606e+000	
  8.3696683e+000	
  8.3780274e+000	
  8.3874838e+000	
  8.3979696e+000	
  8.4094039e+000	
  8.4216936e+000	
  8.4347343e+000	
  8.4484111e+000	
  8.4626001e+000	
  8.4771692e+000	
  8.4919792e+000	
  8.5068858e+000	
  8.5217402e+000	
  8.5363913e+000	
  8.5506867e+000	
  8.5644747e+000	
  8.5776056e+000	
  8.5899337e+000	
  8.6013190e+000	
  8.6116286e+000	
  8.6207384e+000	
  8.6285350e+000	
  8.6349171e+000	
  8.6397965e+000	
  8.6431002e+000	
  8.6447709e+000	
  8.6447682e+000	
  8.6430695e+000	
  8.6396703e+000	
  8.6345851e+000	
  8.6278468e+000	
  8.6195073e+000	
  8.6096365e+000	
  8.5983222e+000	
  8.5856691e+000	
  8.5717976e+000	
  8.5568427e+000	
  8.5409524e+000	
  8.5242863e+000	
  8.5070134e+000	
  8.4893108e+000	
  8.4713613e+000	
  8.4533516e+000	
  8.4354698e+000	
  8.4179043e+000	
  8.4008407e+000	
  8.3844605e+000	
  8.3689391e+000	
  8.3544439e+000	
  8.3411326e+000	
  8.3291519e+000	
  8.3186357e+000	
  8.3097040e+000	
  8.3024618e+000	
  8.2969982e+000	
  8.2933852e+000	
  8.2916775e+000	
  8.2919116e+000	
  8.2941054e+000	
  8.2982582e+000	
  8.3043504e+000	
  8.3123435e+000	
  8.3221805e+000	
  8.3337856e+000	
  8.3470656e+000	
  8.3619092e+000	
  8.3781890e+000	
  8.3957613e+000	
  8.4144677e+000	
  8.4341359e+000	
  8.4545811e+000	
  8.4756076e+000	
  8.4970099e+000	
  8.5185749e+000	
  8.5400836e+000	
  8.5613130e+000	
  8.5820387e+000	
  8.6020364e+000	
  8.6210851e+000	
  8.6389689e+000	
  8.6554798e+000	
  8.6704205e+000	
  8.6836062e+000	
  8.6948677e+000	
  8.7040535e+000	
  8.7110321e+000	
  8.7156941e+000	
  8.7179539e+000	
  8.7177514e+000	
  8.7150532e+000	
  8.7098537e+000	
  8.7021753e+000	
  8.6920693e+000	
  8.6796148e+000	
  8.6649187e+000	
  8.6481147e+000	
  8.6293615e+000	
  8.6088415e+000	
  8.5867585e+000	
  8.5633352e+000	
  8.5388109e+000	
  8.5134384e+000	
  8.4874812e+000	
  8.4612101e+000	
  8.4349007e+000	
  8.4088295e+000	
  8.3832713e+000	
  8.3584963e+000	
  8.3347667e+000	
  8.3123347e+000	
  8.2914394e+000	
  8.2723049e+000	
  8.2551382e+000	
  8.2401268e+000	
  8.2274380e+000	
  8.2172168e+000	
  8.2095849e+000	
  8.2046398e+000	
  8.2024542e+000	
  8.2030750e+000	
  8.2065233e+000	
  8.2127942e+000	
  8.2218562e+000	
  8.2336522e+000	
  8.2480986e+000	
  8.2650868e+000	
  8.2844829e+000	
  8.3061288e+000	
  8.3298429e+000	
  8.3554211e+000	
  8.3826380e+000	
  8.4112483e+000	
  8.4409884e+000	
  8.4715780e+000	
  8.5027224e+000	
  8.5341146e+000	
  8.5654381e+000	
  8.5963691e+000	
  8.6265802e+000	
  8.6557433e+000	
  8.6835330e+000	
  8.7096304e+000	
  8.7337269e+000	
  8.7555283e+000	
  8.7747582e+000	
  8.7911624e+000	
  8.8045125e+000	
  8.8146099e+000	
  8.8212886e+000	
  8.8244188e+000	
  8.8239092e+000	
  8.8197095e+000	
  8.8118117e+000	
  8.8002510e+000	
  8.7851068e+000	
  8.7665014e+000	
  8.7445996e+000	
  8.7196069e+000	
  8.6917670e+000	
  8.6613589e+000	
  8.6286933e+000	
  8.5941087e+000	
  8.5579670e+000	
  8.5206490e+000	
  8.4825493e+000	
  8.4440714e+000	
  8.4056231e+000	
  8.3676113e+000	
  8.3304373e+000	
  8.2944930e+000	
  8.2601560e+000	
  8.2277861e+000	
  8.1977224e+000	
  8.1702795e+000	
  8.1457455e+000	
  8.1243794e+000	
  8.1064095e+000	
  8.0920318e+000	
  8.0814090e+000	
  8.0746692e+000	
  8.0719058e+000	
  8.0731768e+000	
  8.0785044e+000	
  8.0878756e+000	
  8.1012414e+000	
  8.1185180e+000	
  8.1395862e+000	
  8.1642925e+000	
  8.1924495e+000	
  8.2238362e+000	
  8.2581995e+000	
  8.2952546e+000	
  8.3346866e+000	
  8.3761516e+000	
  8.4192788e+000	
  8.4636722e+000	
  8.5089132e+000	
  8.5545631e+000	
  8.6001668e+000	
  8.6452560e+000	
  8.6893536e+000	
  8.7319782e+000	
  8.7726490e+000	
  8.8108918e+000	
  8.8462440e+000	
  8.8782616e+000	
  8.9065251e+000	
  8.9306459e+000	
  8.9502728e+000	
  8.9650982e+000	
  8.9748640e+000	
  8.9793669e+000	
  8.9784630e+000	
  8.9720717e+000	
  8.9601789e+000	
  8.9428380e+000	
  8.9201715e+000	
  8.8923697e+000	
  8.8596893e+000	
  8.8224500e+000	
  8.7810306e+000	
  8.7358637e+000	
  8.6874293e+000	
  8.6362480e+000	
  8.5828737e+000	
  8.5278851e+000	
  8.4718784e+000	
  8.4154584e+000	
  8.3592311e+000	
  8.3037962e+000	
  8.2497394e+000	
  8.1976266e+000	
  8.1479977e+000	
  8.1013617e+000	
  8.0581922e+000	
  8.0189237e+000	
  7.9839492e+000	
  7.9536175e+000	
  7.9282316e+000	
  7.9080480e+000	
  7.8932757e+000	
  7.8840760e+000	
  7.8805626e+000	
  7.8828018e+000	
  7.8908127e+000	
  7.9045679e+000	
  7.9239937e+000	
  7.9489707e+000	
  7.9793341e+000	
  8.0148743e+000	
  8.0553371e+000	
  8.1004241e+000	
  8.1497933e+000	
  8.2030593e+000	
  8.2597945e+000	
  8.3195295e+000	
  8.3817547e+000	
  8.4459221e+000	
  8.5114471e+000	
  8.5777119e+000	
  8.6440690e+000	
  8.7098453e+000	
  8.7743478e+000	
  8.8368696e+000	
  8.8966975e+000	
  8.9531194e+000	
  9.0054342e+000	
  9.0529608e+000	
  9.0950493e+000	
  9.1310912e+000	
  9.1605311e+000	
  9.1828770e+000	
  9.1977117e+000	
  9.2047019e+000	
  9.2036076e+000	
  9.1942889e+000	
  9.1767120e+000	
  9.1509526e+000	
  9.1171973e+000	
  9.0757428e+000	
  9.0269927e+000	
  8.9714515e+000	
  8.9097174e+000	
  8.8424719e+000	
  8.7704691e+000	
  8.6945226e+000	
  8.6154923e+000	
  8.5342699e+000	
  8.4517655e+000	
  8.3688936e+000	
  8.2865597e+000	
  8.2056491e+000	
  8.1270153e+000	
  8.0514711e+000	
  7.9797805e+000	
  7.9126523e+000	
  7.8507351e+000	
  7.7946138e+000	
  7.7448075e+000	
  7.7017683e+000	
  7.6658808e+000	
  7.6374631e+000	
  7.6167679e+000	
  7.6039835e+000	
  7.5992363e+000	
  7.6025920e+000	
  7.6140574e+000	
  7.6335821e+000	
  7.6610596e+000	
  7.6963281e+000	
  7.7391713e+000	
  7.7893181e+000	
  7.8464425e+000	
  7.9101634e+000	
  7.9800431e+000	
  8.0555869e+000	
  8.1362419e+000	
  8.2213962e+000	
  8.3103782e+000	
  8.4024567e+000	
  8.4968419e+000	
  8.5926862e+000	
  8.6890878e+000	
  8.7850948e+000	
  8.8797105e+000	
  8.9719018e+000	
  9.0606083e+000	
  9.1447541e+000	
  9.2232614e+000	
  9.2950665e+000	
  9.3591366e+000	
  9.4144892e+000	
  9.4602116e+000	
  9.4954813e+000	
  9.5195865e+000	
  9.5319450e+000	
  9.5321220e+000	
  9.5198450e+000	
  9.4950162e+000	
  9.4577203e+000	
  9.4082283e+000	
  9.3469966e+000	
  9.2746610e+000	
  9.1920266e+000	
  9.1000525e+000	
  8.9998331e+000	
  8.8925763e+000	
  8.7795793e+000	
  8.6622031e+000	
  8.5418462e+000	
  8.4199196e+000	
  8.2978226e+000	
  8.1769207e+000	
  8.0585260e+000	
  7.9438813e+000	
  7.8341462e+000	
  7.7303874e+000	
  7.6335718e+000	
  7.5445622e+000	
  7.4641162e+000	
  7.3928869e+000	
  7.3314254e+000	
  7.2801849e+000	
  7.2395255e+000	
  7.2097201e+000	
  7.1909594e+000	
  7.1833584e+000	
  7.1869607e+000	
  7.2017436e+000	
  7.2276217e+000	
  7.2644495e+000	
  7.3120236e+000	
  7.3700829e+000	
  7.4383082e+000	
  7.5163210e+000	
  7.6036804e+000	
  7.6998803e+000	
  7.8043446e+000	
  7.9164226e+000	
  8.0353840e+000	
  8.1604134e+000	
  8.2906058e+000	
  8.4249621e+000	
  8.5623857e+000	
  8.7016815e+000	
  8.8415564e+000	
  8.9806221e+000	
  9.1174020e+000	
  9.2503412e+000	
  9.3778207e+000	
  9.4981762e+000	
  9.6097217e+000	
  9.7107771e+000	
  9.7997006e+000	
  9.8749246e+000	
  9.9349940e+000	
  9.9786068e+000	
