  0.0000000e+000	
  2.8000000e-002	
  5.2920000e-002	
  7.5854779e-002	
  9.7695536e-002	
  1.1918184e-001	
  1.4094235e-001	
  1.6352701e-001	
  1.8743266e-001	
  2.1312371e-001	
  2.4104914e-001	
  2.7165672e-001	
  3.0540523e-001	
  3.4277535e-001	
  3.8427959e-001	
  4.3047175e-001	
  4.8195616e-001	
  5.3939699e-001	
  6.0352789e-001	
  6.7516218e-001	
  7.5520364e-001	
  8.4465828e-001	
  9.4464715e-001	
  1.0564203e+000	
  1.1813720e+000	
  1.3210579e+000	
  1.4772131e+000	
  1.6517728e+000	
  1.8468939e+000	
  2.0649794e+000	
  2.3087037e+000	
  2.5810402e+000	
  2.8852897e+000	
  3.2251099e+000	
  3.6045444e+000	
  4.0280500e+000	
  4.5005198e+000	
  5.0272993e+000	
  5.6141901e+000	
  6.2674357e+000	
  6.9936784e+000	
  7.7998756e+000	
  8.6931567e+000	
  9.6805972e+000	
  1.0768877e+001	
  1.1963780e+001	
  1.3269484e+001	
  1.4687567e+001	
  1.6215662e+001	
  1.7845665e+001	
  1.9561422e+001	
  2.1335855e+001	
  2.3127543e+001	
  2.4876946e+001	
  2.6502700e+001	
  2.7898787e+001	
  2.8933919e+001	
  2.9454993e+001	
  2.9296902e+001	
  2.8300787e+001	
  2.6341421e+001	
  2.3361423e+001	
  1.9405291e+001	
  1.4641572e+001	
  9.3598176e+000	
  3.9340388e+000	
 -1.2430659e+000	
 -5.8359204e+000	
 -9.6251787e+000	
 -1.2530064e+001	
 -1.4591477e+001	
 -1.5930150e+001	
 -1.6700011e+001	
 -1.7051719e+001	
 -1.7111744e+001	
 -1.6975046e+001	
 -1.6706468e+001	
 -1.6346277e+001	
 -1.5916755e+001	
 -1.5428281e+001	
 -1.4884301e+001	
 -1.4285114e+001	
 -1.3630605e+001	
 -1.2922091e+001	
 -1.2163441e+001	
 -1.1361577e+001	
 -1.0526469e+001	
 -9.6706958e+000	
 -8.8087028e+000	
 -7.9558493e+000	
 -7.1273857e+000	
 -6.3374778e+000	
 -5.5983859e+000	
 -4.9198736e+000	
 -4.3088824e+000	
 -3.7694705e+000	
 -3.3029797e+000	
 -2.9083747e+000	
 -2.5826897e+000	
 -2.3215181e+000	
 -2.1194956e+000	
 -1.9707365e+000	
 -1.8692025e+000	
 -1.8089940e+000	
 -1.7845636e+000	
 -1.7908608e+000	
 -1.8234172e+000	
 -1.8783848e+000	
 -1.9525388e+000	
 -2.0432558e+000	
 -2.1484756e+000	
 -2.2666532e+000	
 -2.3967071e+000	
 -2.5379667e+000	
 -2.6901220e+000	
 -2.8531771e+000	
 -3.0274078e+000	
 -3.2133248e+000	
 -3.4116411e+000	
 -3.6232440e+000	
 -3.8491712e+000	
 -4.0905897e+000	
 -4.3487768e+000	
 -4.6251028e+000	
 -4.9210126e+000	
 -5.2380073e+000	
 -5.5776221e+000	
 -5.9414005e+000	
 -6.3308620e+000	
 -6.7474614e+000	
 -7.1925379e+000	
 -7.6672503e+000	
 -8.1724961e+000	
 -8.7088103e+000	
 -9.2762417e+000	
 -9.8742016e+000	
 -1.0501283e+001	
 -1.1155047e+001	
 -1.1831778e+001	
 -1.2526207e+001	
 -1.3231209e+001	
 -1.3937495e+001	
 -1.4633311e+001	
 -1.5304177e+001	
 -1.5932720e+001	
 -1.6498652e+001	
 -1.6978975e+001	
 -1.7348482e+001	
 -1.7580660e+001	
 -1.7649028e+001	
 -1.7528953e+001	
 -1.7199895e+001	
 -1.6647909e+001	
 -1.5868163e+001	
 -1.4867075e+001	
 -1.3663641e+001	
 -1.2289529e+001	
 -1.0787655e+001	
 -9.2092334e+000	
 -7.6095774e+000	
 -6.0432670e+000	
 -4.5594485e+000	
 -3.1980280e+000	
 -1.9873035e+000	
 -9.4324325e-001	
 -7.0265395e-002	
  6.3688338e-001	
  1.1906645e+000	
  1.6081817e+000	
  1.9088724e+000	
  2.1126574e+000	
  2.2386135e+000	
  2.3041344e+000	
  2.3244912e+000	
  2.3126902e+000	
  2.2795295e+000	
  2.2337762e+000	
  2.1824044e+000	
  2.1308542e+000	
  2.0832865e+000	
  2.0428193e+000	
  2.0117388e+000	
  1.9916823e+000	
  1.9837941e+000	
  1.9888562e+000	
  2.0073961e+000	
  2.0397749e+000	
  2.0862591e+000	
  2.1470775e+000	
  2.2224667e+000	
  2.3127070e+000	
  2.4181504e+000	
  2.5392423e+000	
  2.6765388e+000	
  2.8307188e+000	
  3.0025949e+000	
  3.1931200e+000	
  3.4033932e+000	
  3.6346629e+000	
  3.8883280e+000	
  4.1659377e+000	
  4.4691872e+000	
  4.7999107e+000	
  5.1600692e+000	
  5.5517322e+000	
  5.9770504e+000	
  6.4382182e+000	
  6.9374211e+000	
  7.4767646e+000	
  8.0581804e+000	
  8.6833022e+000	
  9.3533054e+000	
  1.0068702e+001	
  1.0829085e+001	
  1.1632804e+001	
  1.2476583e+001	
  1.3355052e+001	
  1.4260214e+001	
  1.5180845e+001	
  1.6101855e+001	
  1.7003659e+001	
  1.7861630e+001	
  1.8645746e+001	
  1.9320592e+001	
  1.9845901e+001	
  2.0177851e+001	
  2.0271334e+001	
  2.0083317e+001	
  1.9577275e+001	
  1.8728415e+001	
  1.7529079e+001	
  1.5993373e+001	
  1.4159850e+001	
  1.2091138e+001	
  9.8698308e+000	
  7.5908090e+000	
  5.3511023e+000	
  3.2392409e+000	
  1.3262620e+000	
 -3.3990417e-001	
 -1.7359366e+000	
 -2.8608925e+000	
 -3.7314333e+000	
 -4.3759885e+000	
 -4.8291372e+000	
 -5.1270252e+000	
 -5.3041373e+000	
 -5.3913716e+000	
 -5.4151594e+000	
 -5.3973161e+000	
 -5.3553363e+000	
 -5.3029148e+000	
 -5.2505444e+000	
 -5.2061043e+000	
 -5.1753910e+000	
 -5.1625756e+000	
 -5.1705831e+000	
 -5.2014019e+000	
 -5.2563295e+000	
 -5.3361666e+000	
 -5.4413667e+000	
 -5.5721503e+000	
 -5.7285887e+000	
 -5.9106631e+000	
 -6.1183041e+000	
 -6.3514122e+000	
 -6.6098637e+000	
 -6.8935033e+000	
 -7.2021229e+000	
 -7.5354291e+000	
 -7.8929992e+000	
 -8.2742239e+000	
 -8.6782394e+000	
 -9.1038462e+000	
 -9.5494158e+000	
 -1.0012786e+001	
 -1.0491143e+001	
 -1.0980899e+001	
 -1.1477562e+001	
 -1.1975608e+001	
 -1.2468361e+001	
 -1.2947900e+001	
 -1.3404998e+001	
 -1.3829123e+001	
 -1.4208512e+001	
 -1.4530360e+001	
 -1.4781127e+001	
 -1.4947003e+001	
 -1.5014525e+001	
 -1.4971356e+001	
 -1.4807186e+001	
 -1.4514707e+001	
 -1.4090575e+001	
 -1.3536245e+001	
 -1.2858552e+001	
 -1.2069918e+001	
 -1.1188086e+001	
 -1.0235342e+001	
 -9.2372666e+000	
 -8.2211150e+000	
 -7.2140275e+000	
 -6.2412729e+000	
 -5.3247450e+000	
 -4.4818761e+000	
 -3.7250560e+000	
 -3.0615615e+000	
 -2.4939246e+000	
 -2.0206197e+000	
 -1.6369317e+000	
 -1.3358757e+000	
 -1.1090656e+000	
 -9.4746640e-001	
 -8.4199444e-001	
 -7.8396165e-001	
 -7.6537466e-001	
 -7.7911191e-001	
 -8.1900467e-001	
 -8.7984753e-001	
 -9.5736047e-001	
 -1.0481207e+000	
 -1.1494782e+000	
 -1.2594645e+000	
 -1.3767026e+000	
 -1.5003215e+000	
 -1.6298788e+000	
 -1.7652918e+000	
 -1.9067789e+000	
 -2.0548093e+000	
 -2.2100628e+000	
 -2.3733965e+000	
 -2.5458186e+000	
 -2.7284694e+000	
 -2.9226063e+000	
 -3.1295931e+000	
 -3.3508934e+000	
 -3.5880649e+000	
 -3.8427564e+000	
 -4.1167040e+000	
 -4.4117271e+000	
 -4.7297224e+000	
 -5.0726544e+000	
 -5.4425415e+000	
 -5.8414352e+000	
 -6.2713896e+000	
 -6.7344208e+000	
 -7.2324498e+000	
 -7.7672275e+000	
 -8.3402360e+000	
 -8.9525612e+000	
 -9.6047309e+000	
 -1.0296512e+001	
 -1.1026662e+001	
 -1.1792622e+001	
 -1.2590163e+001	
 -1.3412968e+001	
 -1.4252169e+001	
 -1.5095848e+001	
 -1.5928541e+001	
 -1.6730786e+001	
 -1.7478801e+001	
 -1.8144387e+001	
 -1.8695196e+001	
 -1.9095515e+001	
 -1.9307719e+001	
 -1.9294520e+001	
 -1.9022045e+001	
 -1.8463636e+001	
 -1.7604042e+001	
 -1.6443445e+001	
 -1.5000542e+001	
 -1.3313832e+001	
 -1.1440395e+001	
 -9.4518595e+000	
 -7.4278800e+000	
 -5.4481292e+000	
 -3.5842485e+000	
 -1.8932892e+000	
 -4.1376151e-001	
  8.3528993e-001	
  1.8525161e+000	
  2.6506580e+000	
  3.2521430e+000	
  3.6847891e+000	
  3.9782139e+000	
  4.1612074e+000	
  4.2600670e+000	
  4.2977371e+000	
  4.2935387e+000	
  4.2632841e+000	
  4.2196086e+000	
  4.1724003e+000	
  4.1292503e+000	
  4.0958797e+000	
  4.0765214e+000	
  4.0742478e+000	
  4.0912461e+000	
  4.1290449e+000	
  4.1886969e+000	
  4.2709257e+000	
  4.3762412e+000	
  4.5050291e+000	
  4.6576182e+000	
  4.8343302e+000	
  5.0355135e+000	
  5.2615641e+000	
  5.5129348e+000	
  5.7901337e+000	
  6.0937130e+000	
  6.4242471e+000	
  6.7823012e+000	
  7.1683884e+000	
  7.5829145e+000	
  8.0261086e+000	
  8.4979388e+000	
  8.9980095e+000	
  9.5254390e+000	
  1.0078717e+001	
  1.0655536e+001	
  1.1252606e+001	
  1.1865444e+001	
  1.2488153e+001	
  1.3113189e+001	
  1.3731146e+001	
  1.4330562e+001	
  1.4897797e+001	
  1.5417007e+001	
  1.5870264e+001	
  1.6237885e+001	
  1.6499012e+001	
  1.6632499e+001	
  1.6618118e+001	
  1.6438069e+001	
  1.6078722e+001	
  1.5532441e+001	
  1.4799271e+001	
  1.3888220e+001	
  1.2817850e+001	
  1.1615931e+001	
  1.0318048e+001	
  8.9652113e+000	
  7.6007353e+000	
  6.2667999e+000	
  5.0012076e+000	
  3.8347985e+000	
  2.7898487e+000	
  1.8795648e+000	
  1.1085792e+000	
  4.7419466e-001	
 -3.1942284e-002	
 -4.2204896e-001	
 -7.1053714e-001	
 -9.1261691e-001	
 -1.0432371e+000	
 -1.1163596e+000	
 -1.1445245e+000	
 -1.1386440e+000	
 -1.1079632e+000	
 -1.0601304e+000	
 -1.0013345e+000	
 -9.3647446e-001	
 -8.6933968e-001	
 -8.0278674e-001	
 -7.3890311e-001	
 -6.7915426e-001	
 -6.2451204e-001	
 -5.7556458e-001	
 -5.3260868e-001	
 -4.9572626e-001	
 -4.6484679e-001	
 -4.3979743e-001	
 -4.2034277e-001	
 -4.0621587e-001	
 -3.9714200e-001	
 -3.9285654e-001	
 -3.9311811e-001	
 -3.9771810e-001	
 -4.0648718e-001	
 -4.1929984e-001	
 -4.3607719e-001	
 -4.5678886e-001	
 -4.8145410e-001	
 -5.1014257e-001	
 -5.4297504e-001	
 -5.8012406e-001	
 -6.2181504e-001	
 -6.6832752e-001	
 -7.1999705e-001	
 -7.7721749e-001	
 -8.4044397e-001	
 -9.1019654e-001	
 -9.8706444e-001	
 -1.0717112e+000	
 -1.1648803e+000	
 -1.2674024e+000	
 -1.3802023e+000	
 -1.5043074e+000	
 -1.6408578e+000	
 -1.7911155e+000	
 -1.9564766e+000	
 -2.1384828e+000	
 -2.3388345e+000	
 -2.5594043e+000	
 -2.8022514e+000	
 -3.0696348e+000	
 -3.3640281e+000	
 -3.6881313e+000	
 -4.0448816e+000	
 -4.4374599e+000	
 -4.8692926e+000	
 -5.3440443e+000	
 -5.8655990e+000	
 -6.4380251e+000	
 -7.0655162e+000	
 -7.7523017e+000	
 -8.5025140e+000	
 -9.3200000e+000	
 -1.0208058e+001	
 -1.1169082e+001	
 -1.2204082e+001	
 -1.3312056e+001	
 -1.4489188e+001	
 -1.5727832e+001	
 -1.7015279e+001	
 -1.8332301e+001	
 -1.9651525e+001	
 -2.0935745e+001	
 -2.2136393e+001	
 -2.3192506e+001	
 -2.4030729e+001	
 -2.4567016e+001	
 -2.4710815e+001	
 -2.4372460e+001	
 -2.3474039e+001	
 -2.1963241e+001	
 -1.9828339e+001	
 -1.7111021e+001	
 -1.3912722e+001	
 -1.0390392e+001	
 -6.7398529e+000	
 -3.1688370e+000	
  1.3397449e-001	
  3.0254713e+000	
  5.4230899e+000	
  7.3055726e+000	
  8.7019203e+000	
  9.6741401e+000	
  1.0299643e+001	
  1.0657239e+001	
  1.0818191e+001	
  1.0841914e+001	
  1.0775033e+001	
  1.0652404e+001	
  1.0499032e+001	
  1.0332166e+001	
  1.0163226e+001	
  9.9994011e+000	
  9.8449018e+000	
  9.7018981e+000	
  9.5712034e+000	
  9.4527616e+000	
  9.3459859e+000	
  9.2499919e+000	
  9.1637536e+000	
  9.0862061e+000	
  9.0163103e+000	
  8.9530932e+000	
  8.8956694e+000	
  8.8432517e+000	
  8.7951541e+000	
  8.7507891e+000	
  8.7096629e+000	
  8.6713679e+000	
  8.6355751e+000	
  8.6020250e+000	
  8.5705199e+000	
  8.5409155e+000	
  8.5131127e+000	
  8.4870509e+000	
  8.4627009e+000	
  8.4400585e+000	
  8.4191392e+000	
  8.3999726e+000	
  8.3825979e+000	
  8.3670599e+000	
  8.3534051e+000	
  8.3416783e+000	
  8.3319202e+000	
  8.3241645e+000	
  8.3184364e+000	
  8.3147502e+000	
  8.3131085e+000	
  8.3135006e+000	
  8.3159021e+000	
  8.3202740e+000	
  8.3265624e+000	
  8.3346985e+000	
  8.3445984e+000	
  8.3561635e+000	
  8.3692806e+000	
  8.3838229e+000	
  8.3996502e+000	
  8.4166098e+000	
  8.4345378e+000	
  8.4532596e+000	
  8.4725915e+000	
  8.4923419e+000	
  8.5123127e+000	
  8.5323009e+000	
  8.5521002e+000	
  8.5715028e+000	
  8.5903012e+000	
  8.6082904e+000	
  8.6252697e+000	
  8.6410449e+000	
  8.6554303e+000	
  8.6682511e+000	
  8.6793453e+000	
  8.6885661e+000	
  8.6957837e+000	
  8.7008872e+000	
  8.7037867e+000	
  8.7044145e+000	
  8.7027268e+000	
  8.6987048e+000	
  8.6923553e+000	
  8.6837117e+000	
  8.6728336e+000	
  8.6598070e+000	
  8.6447438e+000	
  8.6277808e+000	
  8.6090781e+000	
  8.5888179e+000	
  8.5672024e+000	
  8.5444513e+000	
  8.5207994e+000	
  8.4964939e+000	
  8.4717913e+000	
  8.4469542e+000	
  8.4222485e+000	
  8.3979398e+000	
  8.3742908e+000	
  8.3515577e+000	
  8.3299876e+000	
  8.3098159e+000	
  8.2912635e+000	
  8.2745344e+000	
  8.2598143e+000	
  8.2472680e+000	
  8.2370388e+000	
  8.2292466e+000	
  8.2239871e+000	
  8.2213315e+000	
  8.2213255e+000	
  8.2239895e+000	
  8.2293186e+000	
  8.2372823e+000	
  8.2478256e+000	
  8.2608687e+000	
  8.2763083e+000	
  8.2940181e+000	
  8.3138496e+000	
  8.3356334e+000	
  8.3591802e+000	
  8.3842818e+000	
  8.4107129e+000	
  8.4382323e+000	
  8.4665847e+000	
  8.4955023e+000	
  8.5247070e+000	
  8.5539122e+000	
  8.5828252e+000	
  8.6111497e+000	
  8.6385883e+000	
  8.6648455e+000	
  8.6896304e+000	
  8.7126599e+000	
  8.7336618e+000	
  8.7523784e+000	
  8.7685696e+000	
  8.7820161e+000	
  8.7925230e+000	
  8.7999229e+000	
  8.8040786e+000	
  8.8048862e+000	
  8.8022774e+000	
  8.7962211e+000	
  8.7867258e+000	
  8.7738398e+000	
  8.7576521e+000	
  8.7382920e+000	
  8.7159287e+000	
  8.6907695e+000	
  8.6630578e+000	
  8.6330705e+000	
  8.6011147e+000	
  8.5675240e+000	
  8.5326541e+000	
  8.4968784e+000	
  8.4605829e+000	
  8.4241616e+000	
  8.3880111e+000	
  8.3525256e+000	
  8.3180922e+000	
  8.2850860e+000	
  8.2538660e+000	
  8.2247710e+000	
  8.1981158e+000	
  8.1741886e+000	
  8.1532479e+000	
  8.1355207e+000	
  8.1212006e+000	
  8.1104464e+000	
  8.1033819e+000	
  8.1000949e+000	
  8.1006371e+000	
  8.1050248e+000	
  8.1132389e+000	
  8.1252257e+000	
  8.1408975e+000	
  8.1601341e+000	
  8.1827833e+000	
  8.2086622e+000	
  8.2375585e+000	
  8.2692318e+000	
  8.3034150e+000	
  8.3398154e+000	
  8.3781167e+000	
  8.4179804e+000	
  8.4590478e+000	
  8.5009418e+000	
  8.5432697e+000	
  8.5856249e+000	
  8.6275903e+000	
  8.6687412e+000	
  8.7086490e+000	
  8.7468843e+000	
  8.7830220e+000	
  8.8166449e+000	
  8.8473491e+000	
  8.8747484e+000	
  8.8984803e+000	
  8.9182108e+000	
  8.9336399e+000	
  8.9445070e+000	
  8.9505961e+000	
  8.9517405e+000	
  8.9478271e+000	
  8.9388001e+000	
  8.9246641e+000	
  8.9054862e+000	
  8.8813969e+000	
  8.8525904e+000	
  8.8193232e+000	
  8.7819122e+000	
  8.7407310e+000	
  8.6962055e+000	
  8.6488084e+000	
  8.5990525e+000	
  8.5474837e+000	
  8.4946729e+000	
  8.4412081e+000	
  8.3876858e+000	
  8.3347027e+000	
  8.2828473e+000	
  8.2326921e+000	
  8.1847870e+000	
  8.1396516e+000	
  8.0977706e+000	
  8.0595883e+000	
  8.0255046e+000	
  7.9958721e+000	
  7.9709941e+000	
  7.9511224e+000	
  7.9364578e+000	
  7.9271489e+000	
  7.9232935e+000	
  7.9249391e+000	
  7.9320843e+000	
  7.9446804e+000	
  7.9626329e+000	
  7.9858035e+000	
  8.0140114e+000	
  8.0470354e+000	
  8.0846153e+000	
  8.1264533e+000	
  8.1722157e+000	
  8.2215342e+000	
  8.2740069e+000	
  8.3292001e+000	
  8.3866495e+000	
  8.4458620e+000	
  8.5063169e+000	
  8.5674692e+000	
  8.6287507e+000	
  8.6895744e+000	
  8.7493369e+000	
  8.8074236e+000	
  8.8632127e+000	
  8.9160816e+000	
  8.9654125e+000	
  9.0106001e+000	
  9.0510590e+000	
  9.0862321e+000	
  9.1155993e+000	
  9.1386867e+000	
  9.1550762e+000	
  9.1644142e+000	
  9.1664204e+000	
  9.1608964e+000	
  9.1477327e+000	
  9.1269146e+000	
  9.0985268e+000	
  9.0627563e+000	
  9.0198929e+000	
  8.9703279e+000	
  8.9145507e+000	
  8.8531429e+000	
  8.7867702e+000	
  8.7161728e+000	
  8.6421536e+000	
  8.5655653e+000	
  8.4872963e+000	
  8.4082564e+000	
  8.3293615e+000	
  8.2515196e+000	
  8.1756168e+000	
  8.1025045e+000	
  8.0329883e+000	
  7.9678176e+000	
  7.9076784e+000	
  7.8531860e+000	
  7.8048814e+000	
  7.7632282e+000	
  7.7286114e+000	
  7.7013379e+000	
  7.6816377e+000	
  7.6696662e+000	
  7.6655078e+000	
  7.6691788e+000	
  7.6806317e+000	
  7.6997588e+000	
  7.7263956e+000	
  7.7603248e+000	
  7.8012786e+000	
  7.8489421e+000	
  7.9029545e+000	
  7.9629112e+000	
  8.0283648e+000	
  8.0988260e+000	
  8.1737635e+000	
  8.2526048e+000	
  8.3347361e+000	
  8.4195021e+000	
  8.5062072e+000	
  8.5941158e+000	
  8.6824539e+000	
  8.7704112e+000	
  8.8571445e+000	
  8.9417817e+000	
  9.0234279e+000	
  9.1011720e+000	
  9.1740954e+000	
  9.2412825e+000	
  9.3018319e+000	
  9.3548703e+000	
  9.3995666e+000	
  9.4351481e+000	
  9.4609170e+000	
  9.4762670e+000	
  9.4807007e+000	
  9.4738456e+000	
  9.4554686e+000	
  9.4254895e+000	
  9.3839905e+000	
  9.3312238e+000	
  9.2676142e+000	
  9.1937588e+000	
  9.1104208e+000	
  9.0185198e+000	
  8.9191176e+000	
  8.8133995e+000	
  8.7026527e+000	
  8.5882416e+000	
  8.4715812e+000	
  8.3541099e+000	
  8.2372626e+000	
  8.1224439e+000	
  8.0110044e+000	
  7.9042189e+000	
  7.8032687e+000	
  7.7092264e+000	
  7.6230458e+000	
  7.5455551e+000	
  7.4774533e+000	
  7.4193112e+000	
  7.3715735e+000	
  7.3345653e+000	
  7.3084983e+000	
  7.2934800e+000	
  7.2895223e+000	
  7.2965512e+000	
  7.3144150e+000	
  7.3428933e+000	
  7.3817043e+000	
  7.4305106e+000	
  7.4889245e+000	
  7.5565115e+000	
  7.6327928e+000	
  7.7172458e+000	
  7.8093043e+000	
  7.9083570e+000	
  8.0137451e+000	
  8.1247599e+000	
  8.2406389e+000	
  8.3605626e+000	
  8.4836510e+000	
  8.6089604e+000	
  8.7354813e+000	
  8.8621371e+000	
  8.9877846e+000	
  9.1112161e+000	
  9.2311640e+000	
  9.3463079e+000	
  9.4552849e+000	
  9.5567028e+000	
  9.6491573e+000	
  9.7312522e+000	
  9.8016235e+000	
  9.8589666e+000	
  9.9020660e+000	
  9.9298277e+000	
  9.9413122e+000	
  9.9357677e+000	
  9.9126624e+000	
  9.8717128e+000	
  9.8129091e+000	
  9.7365335e+000	
  9.6431715e+000	
  9.5337143e+000	
  9.4093521e+000	
  9.2715572e+000	
  9.1220574e+000	
  8.9628005e+000	
  8.7959110e+000	
  8.6236410e+000	
  8.4483170e+000	
  8.2722851e+000	
  8.0978582e+000	
  7.9272653e+000	
  7.7626067e+000	
  7.6058168e+000	
  7.4586341e+000	
  7.3225805e+000	
  7.1989497e+000	
  7.0888031e+000	
  6.9929743e+000	
  6.9120788e+000	
  6.8465302e+000	
  6.7965583e+000	
  6.7622309e+000	
  6.7434757e+000	
  6.7401024e+000	
  6.7518231e+000	
  6.7782718e+000	
  6.8190202e+000	
  6.8735914e+000	
  6.9414710e+000	
  7.0221139e+000	
  7.1149491e+000	
  7.2193813e+000	
  7.3347896e+000	
  7.4605242e+000	
  7.5959003e+000	
  7.7401906e+000	
  7.8926163e+000	
  8.0523361e+000	
  8.2184358e+000	
  8.3899156e+000	
  8.5656794e+000	
  8.7445230e+000	
  8.9251246e+000	
  9.1060363e+000	
  9.2856785e+000	
  9.4623377e+000	
  9.6341679e+000	
  9.7991981e+000	
  9.9553444e+000	
  1.0100430e+001	
  1.0232214e+001	
  1.0348421e+001	
  1.0446794e+001	
  1.0525136e+001	
  1.0581376e+001	
  1.0613631e+001	
  1.0620276e+001	
  1.0600012e+001	
  1.0551940e+001	
  1.0475619e+001	
  1.0371121e+001	
  1.0239070e+001	
