 -4.1042357e+000	
 -3.9721408e+000	
 -3.8388266e+000	
 -3.7043200e+000	
 -3.5686483e+000	
 -3.4318393e+000	
 -3.2939210e+000	
 -3.1549216e+000	
 -3.0148699e+000	
 -2.8737948e+000	
 -2.7317255e+000	
 -2.5886917e+000	
 -2.4447231e+000	
 -2.2998499e+000	
 -2.1541026e+000	
 -2.0075117e+000	
 -1.8601083e+000	
 -1.7119235e+000	
 -1.5629889e+000	
 -1.4133361e+000	
 -1.2629972e+000	
 -1.1120043e+000	
 -9.6038976e-001	
 -8.0818635e-001	
 -6.5542689e-001	
 -5.0214446e-001	
 -3.4837232e-001	
 -1.9414395e-001	
 -3.9493007e-002	
  1.1554668e-001	
  2.7094108e-001	
  4.2665603e-001	
  5.8265718e-001	
  7.3891005e-001	
  8.9537999e-001	
  1.0520322e+000	
  1.2088318e+000	
  1.3657438e+000	
  1.5227330e+000	
  1.6797642e+000	
  1.8368019e+000	
  1.9938109e+000	
  2.1507554e+000	
  2.3075999e+000	
  2.4643087e+000	
  2.6208462e+000	
  2.7771763e+000	
  2.9332634e+000	
  3.0890715e+000	
  3.2445647e+000	
  3.3997071e+000	
  3.5544626e+000	
  3.7087953e+000	
  3.8626692e+000	
  4.0160484e+000	
  4.1688969e+000	
  4.3211788e+000	
  4.4728580e+000	
  4.6238989e+000	
  4.7742655e+000	
  4.9239221e+000	
  5.0728329e+000	
  5.2209624e+000	
  5.3682749e+000	
  5.5147350e+000	
  5.6603072e+000	
  5.8049563e+000	
  5.9486471e+000	
  6.0913444e+000	
  6.2330134e+000	
  6.3736191e+000	
  6.5131270e+000	
  6.6515024e+000	
  6.7887110e+000	
  6.9247184e+000	
  7.0594906e+000	
  7.1929938e+000	
  7.3251941e+000	
  7.4560580e+000	
  7.5855521e+000	
  7.7136434e+000	
  7.8402988e+000	
  7.9654855e+000	
  8.0891712e+000	
  8.2113234e+000	
  8.3319102e+000	
  8.4508996e+000	
  8.5682601e+000	
  8.6839604e+000	
  8.7979693e+000	
  8.9102561e+000	
  9.0207902e+000	
  9.1295412e+000	
  9.2364793e+000	
  9.3415747e+000	
  9.4447979e+000	
  9.5461199e+000	
  9.6455117e+000	
  9.7429448e+000	
  9.8383910e+000	
  9.9318224e+000	
  1.0023211e+001	
  1.0112531e+001	
  1.0199753e+001	
  1.0284853e+001	
  1.0367803e+001	
  1.0448577e+001	
  1.0527150e+001	
  1.0603497e+001	
  1.0677592e+001	
  1.0749412e+001	
  1.0818932e+001	
  1.0886127e+001	
  1.0950976e+001	
  1.1013454e+001	
  1.1073539e+001	
  1.1131208e+001	
  1.1186440e+001	
  1.1239213e+001	
  1.1289506e+001	
  1.1337298e+001	
  1.1382568e+001	
  1.1425298e+001	
  1.1465466e+001	
  1.1503055e+001	
  1.1538046e+001	
  1.1570419e+001	
  1.1600159e+001	
  1.1627246e+001	
  1.1651665e+001	
  1.1673400e+001	
  1.1692434e+001	
  1.1708751e+001	
  1.1722339e+001	
  1.1733181e+001	
  1.1741265e+001	
  1.1746578e+001	
  1.1749107e+001	
  1.1748840e+001	
  1.1745767e+001	
  1.1739877e+001	
  1.1731160e+001	
  1.1719607e+001	
  1.1705210e+001	
  1.1687963e+001	
  1.1667857e+001	
  1.1644889e+001	
  1.1619053e+001	
  1.1590345e+001	
  1.1558763e+001	
  1.1524306e+001	
  1.1486972e+001	
  1.1446762e+001	
  1.1403679e+001	
  1.1357725e+001	
  1.1308904e+001	
  1.1257221e+001	
  1.1202685e+001	
  1.1145303e+001	
  1.1085085e+001	
  1.1022042e+001	
  1.0956186e+001	
  1.0887532e+001	
  1.0816095e+001	
  1.0741894e+001	
  1.0664945e+001	
  1.0585270e+001	
  1.0502891e+001	
  1.0417830e+001	
  1.0330113e+001	
  1.0239766e+001	
  1.0146816e+001	
  1.0051294e+001	
  9.9532294e+000	
  9.8526541e+000	
  9.7496014e+000	
  9.6441054e+000	
  9.5362014e+000	
  9.4259259e+000	
  9.3133158e+000	
  9.1984091e+000	
  9.0812444e+000	
  8.9618609e+000	
  8.8402980e+000	
  8.7165958e+000	
  8.5907942e+000	
  8.4629334e+000	
  8.3330534e+000	
  8.2011943e+000	
  8.0673957e+000	
  7.9316969e+000	
  7.7941368e+000	
  7.6547535e+000	
  7.5135847e+000	
  7.3706674e+000	
  7.2260377e+000	
  7.0797308e+000	
  6.9317812e+000	
  6.7822226e+000	
  6.6310875e+000	
  6.4784077e+000	
  6.3242141e+000	
  6.1685367e+000	
  6.0114047e+000	
  5.8528463e+000	
  5.6928894e+000	
  5.5315607e+000	
  5.3688868e+000	
  5.2048933e+000	
  5.0396058e+000	
  4.8730491e+000	
  4.7052480e+000	
  4.5362272e+000	
  4.3660110e+000	
  4.1946238e+000	
  4.0220904e+000	
  3.8484352e+000	
  3.6736834e+000	
  3.4978601e+000	
  3.3209911e+000	
  3.1431024e+000	
  2.9642208e+000	
  2.7843733e+000	
  2.6035879e+000	
  2.4218930e+000	
  2.2393178e+000	
  2.0558921e+000	
  1.8716465e+000	
  1.6866123e+000	
  1.5008215e+000	
  1.3143069e+000	
  1.1271020e+000	
  9.3924103e-001	
  7.5075881e-001	
  5.6169096e-001	
  3.7207369e-001	
  1.8194388e-001	
 -8.6610215e-003	
 -1.9970297e-001	
 -3.9114340e-001	
 -5.8294321e-001	
 -7.7506283e-001	
 -9.6746224e-001	
 -1.1601010e+000	
 -1.3529383e+000	
 -1.5459329e+000	
 -1.7390433e+000	
 -1.9322276e+000	
 -2.1254438e+000	
 -2.3186496e+000	
 -2.5118022e+000	
 -2.7048590e+000	
 -2.8977770e+000	
 -3.0905130e+000	
 -3.2830238e+000	
 -3.4752660e+000	
 -3.6671961e+000	
 -3.8587705e+000	
 -4.0499455e+000	
 -4.2406775e+000	
 -4.4309227e+000	
 -4.6206373e+000	
 -4.8097776e+000	
 -4.9982997e+000	
 -5.1861599e+000	
 -5.3733144e+000	
 -5.5597196e+000	
 -5.7453316e+000	
 -5.9301071e+000	
 -6.1140024e+000	
 -6.2969740e+000	
 -6.4789786e+000	
 -6.6599731e+000	
 -6.8399141e+000	
 -7.0187588e+000	
 -7.1964643e+000	
 -7.3729877e+000	
 -7.5482867e+000	
 -7.7223186e+000	
 -7.8950414e+000	
 -8.0664130e+000	
 -8.2363916e+000	
 -8.4049354e+000	
 -8.5720032e+000	
 -8.7375537e+000	
 -8.9015459e+000	
 -9.0639392e+000	
 -9.2246931e+000	
 -9.3837674e+000	
 -9.5411223e+000	
 -9.6967181e+000	
 -9.8505154e+000	
 -1.0002475e+001	
 -1.0152559e+001	
 -1.0300729e+001	
 -1.0446945e+001	
 -1.0591172e+001	
 -1.0733371e+001	
 -1.0873506e+001	
 -1.1011539e+001	
 -1.1147435e+001	
 -1.1281158e+001	
 -1.1412672e+001	
 -1.1541943e+001	
 -1.1668935e+001	
 -1.1793615e+001	
 -1.1915949e+001	
 -1.2035903e+001	
 -1.2153445e+001	
 -1.2268542e+001	
 -1.2381162e+001	
 -1.2491275e+001	
 -1.2598848e+001	
 -1.2703852e+001	
 -1.2806256e+001	
 -1.2906032e+001	
 -1.3003149e+001	
 -1.3097580e+001	
 -1.3189298e+001	
 -1.3278273e+001	
 -1.3364481e+001	
 -1.3447894e+001	
 -1.3528486e+001	
 -1.3606234e+001	
 -1.3681112e+001	
 -1.3753096e+001	
 -1.3822163e+001	
 -1.3888291e+001	
 -1.3951456e+001	
 -1.4011638e+001	
 -1.4068816e+001	
 -1.4122969e+001	
 -1.4174078e+001	
 -1.4222124e+001	
 -1.4267088e+001	
 -1.4308952e+001	
 -1.4347700e+001	
 -1.4383316e+001	
 -1.4415783e+001	
 -1.4445086e+001	
 -1.4471211e+001	
 -1.4494144e+001	
 -1.4513872e+001	
 -1.4530383e+001	
 -1.4543665e+001	
 -1.4553708e+001	
 -1.4560500e+001	
 -1.4564033e+001	
 -1.4564297e+001	
 -1.4561284e+001	
 -1.4554988e+001	
 -1.4545400e+001	
 -1.4532516e+001	
 -1.4516330e+001	
 -1.4496838e+001	
 -1.4474035e+001	
 -1.4447919e+001	
 -1.4418487e+001	
 -1.4385739e+001	
 -1.4349672e+001	
 -1.4310287e+001	
 -1.4267585e+001	
 -1.4221566e+001	
 -1.4172234e+001	
 -1.4119591e+001	
 -1.4063641e+001	
 -1.4004388e+001	
 -1.3941837e+001	
 -1.3875994e+001	
 -1.3806867e+001	
 -1.3734461e+001	
 -1.3658787e+001	
 -1.3579852e+001	
 -1.3497666e+001	
 -1.3412240e+001	
 -1.3323585e+001	
 -1.3231712e+001	
 -1.3136636e+001	
 -1.3038368e+001	
 -1.2936924e+001	
 -1.2832318e+001	
 -1.2724566e+001	
 -1.2613685e+001	
 -1.2499692e+001	
 -1.2382604e+001	
 -1.2262441e+001	
 -1.2139222e+001	
 -1.2012966e+001	
 -1.1883696e+001	
 -1.1751432e+001	
 -1.1616198e+001	
 -1.1478015e+001	
 -1.1336909e+001	
 -1.1192902e+001	
 -1.1046022e+001	
 -1.0896293e+001	
 -1.0743743e+001	
 -1.0588398e+001	
 -1.0430287e+001	
 -1.0269439e+001	
 -1.0105883e+001	
 -9.9396484e+000	
 -9.7707671e+000	
 -9.5992701e+000	
 -9.4251897e+000	
 -9.2485587e+000	
 -9.0694104e+000	
 -8.8877791e+000	
 -8.7036995e+000	
 -8.5172070e+000	
 -8.3283376e+000	
 -8.1371280e+000	
 -7.9436154e+000	
 -7.7478377e+000	
 -7.5498335e+000	
 -7.3496417e+000	
 -7.1473022e+000	
 -6.9428551e+000	
 -6.7363412e+000	
 -6.5278020e+000	
 -6.3172795e+000	
 -6.1048161e+000	
 -5.8904550e+000	
 -5.6742396e+000	
 -5.4562142e+000	
 -5.2364234e+000	
 -5.0149123e+000	
 -4.7917265e+000	
 -4.5669124e+000	
 -4.3405163e+000	
 -4.1125856e+000	
 -3.8831676e+000	
 -3.6523105e+000	
 -3.4200628e+000	
 -3.1864733e+000	
 -2.9515913e+000	
 -2.7154667e+000	
 -2.4781496e+000	
 -2.2396905e+000	
 -2.0001404e+000	
 -1.7595506e+000	
 -1.5179728e+000	
 -1.2754590e+000	
 -1.0320616e+000	
 -7.8783343e-001	
 -5.4282743e-001	
 -2.9709699e-001	
 -5.0695790e-002	
  1.9632222e-001	
  4.4390281e-001	
  6.9199145e-001	
  9.4053337e-001	
  1.1894736e+000	
  1.4387568e+000	
  1.6883275e+000	
  1.9381301e+000	
  2.1881085e+000	
  2.4382068e+000	
  2.6883687e+000	
  2.9385376e+000	
  3.1886570e+000	
  3.4386702e+000	
  3.6885201e+000	
  3.9381499e+000	
  4.1875023e+000	
  4.4365201e+000	
  4.6851459e+000	
  4.9333224e+000	
  5.1809919e+000	
  5.4280970e+000	
  5.6745800e+000	
  5.9203832e+000	
  6.1654489e+000	
  6.4097194e+000	
  6.6531369e+000	
  6.8956436e+000	
  7.1371818e+000	
  7.3776937e+000	
  7.6171216e+000	
  7.8554076e+000	
  8.0924941e+000	
  8.3283233e+000	
  8.5628377e+000	
  8.7959795e+000	
  9.0276913e+000	
  9.2579153e+000	
  9.4865941e+000	
  9.7136702e+000	
  9.9390862e+000	
  1.0162785e+001	
  1.0384708e+001	
  1.0604799e+001	
  1.0822999e+001	
  1.1039253e+001	
  1.1253501e+001	
  1.1465688e+001	
  1.1675753e+001	
  1.1883641e+001	
  1.2089293e+001	
  1.2292651e+001	
  1.2493656e+001	
  1.2692250e+001	
  1.2888373e+001	
  1.3081966e+001	
  1.3272968e+001	
  1.3461320e+001	
  1.3646958e+001	
  1.3829820e+001	
  1.4009844e+001	
  1.4186964e+001	
  1.4361113e+001	
  1.4532224e+001	
  1.4700227e+001	
  1.4865051e+001	
  1.5026619e+001	
  1.5184856e+001	
  1.5339680e+001	
  1.5491007e+001	
  1.5638748e+001	
  1.5782810e+001	
  1.5923093e+001	
  1.6059491e+001	
  1.6191891e+001	
  1.6320173e+001	
  1.6444206e+001	
  1.6563848e+001	
  1.6678946e+001	
  1.6789333e+001	
  1.6894827e+001	
  1.6995228e+001	
  1.7090315e+001	
  1.7179848e+001	
  1.7263558e+001	
  1.7341151e+001	
  1.7412300e+001	
  1.7476642e+001	
  1.7533775e+001	
  1.7583253e+001	
  1.7624581e+001	
  1.7657211e+001	
  1.7680533e+001	
  1.7693875e+001	
  1.7696491e+001	
  1.7687561e+001	
  1.7666181e+001	
  1.7631361e+001	
  1.7582020e+001	
  1.7516984e+001	
  1.7434983e+001	
  1.7334657e+001	
  1.7214557e+001	
  1.7073157e+001	
  1.6908869e+001	
  1.6720064e+001	
  1.6505101e+001	
  1.6262366e+001	
  1.5990320e+001	
  1.5687555e+001	
  1.5352865e+001	
  1.4985322e+001	
  1.4584361e+001	
  1.4149871e+001	
  1.3682282e+001	
  1.3182651e+001	
  1.2652727e+001	
  1.2095002e+001	
  1.1512724e+001	
  1.0909879e+001	
  1.0291124e+001	
  9.6616796e+000	
  9.0271792e+000	
  8.3934799e+000	
  7.7664540e+000	
  7.1517708e+000	
  6.5546876e+000	
  5.9798664e+000	
  5.4312305e+000	
  4.9118689e+000	
  4.4239941e+000	
  3.9689505e+000	
  3.5472661e+000	
  3.1587393e+000	
  2.8025483e+000	
  2.4773718e+000	
  2.1815113e+000	
  1.9130072e+000	
  1.6697422e+000	
  1.4495300e+000	
  1.2501872e+000	
  1.0695891e+000	
  9.0571020e-001	
  7.5665201e-001	
  6.2065989e-001	
  4.9613111e-001	
  3.8161628e-001	
  2.7581587e-001	
  1.7757333e-001	
  8.5865953e-002	
 -2.0548240e-004	
 -8.1427693e-002	
 -1.5848587e-001	
 -2.3197437e-001	
 -3.0240682e-001	
 -3.7022558e-001	
 -4.3581036e-001	
 -4.9948604e-001	
 -5.6152977e-001	
 -6.2217722e-001	
 -6.8162811e-001	
 -7.4005116e-001	
 -7.9758838e-001	
 -8.5435878e-001	
 -9.1046169e-001	
 -9.6597956e-001	
 -1.0209804e+000	
 -1.0755199e+000	
 -1.1296434e+000	
 -1.1833871e+000	
 -1.2367797e+000	
 -1.2898436e+000	
 -1.3425955e+000	
 -1.3950479e+000	
 -1.4472089e+000	
 -1.4990837e+000	
 -1.5506746e+000	
 -1.6019816e+000	
 -1.6530027e+000	
 -1.7037343e+000	
 -1.7541714e+000	
 -1.8043081e+000	
 -1.8541371e+000	
 -1.9036508e+000	
 -1.9528406e+000	
 -2.0016975e+000	
 -2.0502122e+000	
 -2.0983747e+000	
 -2.1461751e+000	
 -2.1936031e+000	
 -2.2406481e+000	
 -2.2872996e+000	
 -2.3335469e+000	
 -2.3793792e+000	
 -2.4247857e+000	
 -2.4697556e+000	
 -2.5142780e+000	
 -2.5583421e+000	
 -2.6019371e+000	
 -2.6450523e+000	
 -2.6876769e+000	
 -2.7298003e+000	
 -2.7714119e+000	
 -2.8125011e+000	
 -2.8530575e+000	
 -2.8930707e+000	
 -2.9325305e+000	
 -2.9714267e+000	
 -3.0097491e+000	
 -3.0474877e+000	
 -3.0846327e+000	
 -3.1211742e+000	
 -3.1571027e+000	
 -3.1924084e+000	
 -3.2270819e+000	
 -3.2611140e+000	
 -3.2944953e+000	
 -3.3272168e+000	
 -3.3592695e+000	
 -3.3906446e+000	
 -3.4213332e+000	
 -3.4513269e+000	
 -3.4806173e+000	
 -3.5091958e+000	
 -3.5370545e+000	
 -3.5641853e+000	
 -3.5905803e+000	
 -3.6162316e+000	
 -3.6411319e+000	
 -3.6652735e+000	
 -3.6886492e+000	
 -3.7112519e+000	
 -3.7330745e+000	
 -3.7541104e+000	
 -3.7743527e+000	
 -3.7937949e+000	
 -3.8124309e+000	
 -3.8302543e+000	
 -3.8472591e+000	
 -3.8634396e+000	
 -3.8787901e+000	
 -3.8933050e+000	
 -3.9069791e+000	
 -3.9198071e+000	
 -3.9317842e+000	
 -3.9429056e+000	
 -3.9531666e+000	
 -3.9625628e+000	
 -3.9710900e+000	
 -3.9787442e+000	
 -3.9855214e+000	
 -3.9914179e+000	
 -3.9964304e+000	
 -4.0005554e+000	
 -4.0037899e+000	
 -4.0061310e+000	
 -4.0075759e+000	
 -4.0081221e+000	
 -4.0077673e+000	
 -4.0065092e+000	
 -4.0043461e+000	
 -4.0012762e+000	
 -3.9972978e+000	
 -3.9924098e+000	
 -3.9866108e+000	
 -3.9799001e+000	
 -3.9722768e+000	
 -3.9637405e+000	
 -3.9542908e+000	
 -3.9439276e+000	
 -3.9326509e+000	
 -3.9204612e+000	
 -3.9073588e+000	
 -3.8933444e+000	
 -3.8784190e+000	
 -3.8625838e+000	
 -3.8458399e+000	
 -3.8281890e+000	
 -3.8096328e+000	
 -3.7901732e+000	
 -3.7698125e+000	
 -3.7485528e+000	
 -3.7263970e+000	
 -3.7033476e+000	
 -3.6794077e+000	
 -3.6545806e+000	
 -3.6288695e+000	
 -3.6022782e+000	
 -3.5748104e+000	
 -3.5464702e+000	
 -3.5172617e+000	
 -3.4871895e+000	
 -3.4562582e+000	
 -3.4244725e+000	
 -3.3918377e+000	
 -3.3583589e+000	
 -3.3240415e+000	
 -3.2888913e+000	
 -3.2529142e+000	
 -3.2161161e+000	
 -3.1785033e+000	
 -3.1400823e+000	
 -3.1008598e+000	
 -3.0608426e+000	
 -3.0200378e+000	
 -2.9784525e+000	
 -2.9360944e+000	
 -2.8929709e+000	
 -2.8490899e+000	
 -2.8044595e+000	
 -2.7590878e+000	
 -2.7129832e+000	
 -2.6661543e+000	
 -2.6186098e+000	
 -2.5703588e+000	
 -2.5214102e+000	
 -2.4717735e+000	
 -2.4214581e+000	
 -2.3704737e+000	
 -2.3188301e+000	
 -2.2665372e+000	
 -2.2136054e+000	
 -2.1600448e+000	
 -2.1058661e+000	
 -2.0510800e+000	
 -1.9956971e+000	
 -1.9397287e+000	
 -1.8831857e+000	
 -1.8260796e+000	
 -1.7684218e+000	
 -1.7102240e+000	
 -1.6514979e+000	
 -1.5922554e+000	
 -1.5325086e+000	
 -1.4722697e+000	
 -1.4115511e+000	
 -1.3503653e+000	
 -1.2887249e+000	
 -1.2266426e+000	
 -1.1641315e+000	
 -1.1012044e+000	
 -1.0378745e+000	
 -9.7415515e-001	
 -9.1005970e-001	
 -8.4560166e-001	
 -7.8079466e-001	
 -7.1565243e-001	
 -6.5018884e-001	
 -5.8441783e-001	
 -5.1835345e-001	
 -4.5200988e-001	
 -3.8540137e-001	
 -3.1854228e-001	
 -2.5144704e-001	
 -1.8413020e-001	
 -1.1660637e-001	
 -4.8890264e-002	
  1.9003344e-002	
  8.7059591e-002	
  1.5526354e-001	
  2.2360020e-001	
  2.9205448e-001	
  3.6061126e-001	
  4.2925533e-001	
  4.9797145e-001	
  5.6674432e-001	
  6.3555856e-001	
  7.0439878e-001	
  7.7324952e-001	
  8.4209530e-001	
  9.1092058e-001	
  9.7970982e-001	
  1.0484474e+000	
  1.1171177e+000	
  1.1857051e+000	
  1.2541940e+000	
  1.3225686e+000	
  1.3908132e+000	
  1.4589122e+000	
  1.5268499e+000	
  1.5946104e+000	
  1.6621782e+000	
  1.7295376e+000	
  1.7966727e+000	
  1.8635680e+000	
  1.9302077e+000	
  1.9965763e+000	
  2.0626580e+000	
  2.1284373e+000	
  2.1938986e+000	
  2.2590264e+000	
  2.3238051e+000	
  2.3882194e+000	
  2.4522537e+000	
  2.5158926e+000	
  2.5791210e+000	
  2.6419235e+000	
  2.7042849e+000	
  2.7661900e+000	
  2.8276239e+000	
  2.8885713e+000	
  2.9490175e+000	
  3.0089476e+000	
  3.0683468e+000	
  3.1272003e+000	
  3.1854936e+000	
  3.2432121e+000	
  3.3003414e+000	
  3.3568673e+000	
  3.4127753e+000	
  3.4680515e+000	
  3.5226819e+000	
  3.5766524e+000	
  3.6299493e+000	
  3.6825590e+000	
  3.7344679e+000	
  3.7856625e+000	
  3.8361296e+000	
  3.8858560e+000	
  3.9348287e+000	
  3.9830348e+000	
  4.0304615e+000	
  4.0770962e+000	
  4.1229265e+000	
  4.1679401e+000	
  4.2121248e+000	
  4.2554686e+000	
  4.2979597e+000	
  4.3395865e+000	
  4.3803374e+000	
  4.4202011e+000	
  4.4591665e+000	
  4.4972225e+000	
  4.5343584e+000	
  4.5705636e+000	
  4.6058276e+000	
  4.6401402e+000	
  4.6734913e+000	
  4.7058711e+000	
  4.7372699e+000	
  4.7676783e+000	
  4.7970870e+000	
  4.8254870e+000	
  4.8528693e+000	
  4.8792254e+000	
  4.9045468e+000	
  4.9288253e+000	
  4.9520529e+000	
  4.9742219e+000	
  4.9953247e+000	
  5.0153540e+000	
  5.0343026e+000	
  5.0521637e+000	
  5.0689307e+000	
  5.0845971e+000	
  5.0991567e+000	
  5.1126037e+000	
  5.1249323e+000	
  5.1361371e+000	
  5.1462128e+000	
  5.1551545e+000	
  5.1629574e+000	
  5.1696170e+000	
  5.1751292e+000	
  5.1794900e+000	
  5.1826956e+000	
  5.1847425e+000	
  5.1856275e+000	
  5.1853477e+000	
  5.1839003e+000	
  5.1812830e+000	
  5.1774935e+000	
  5.1725298e+000	
  5.1663903e+000	
  5.1590737e+000	
  5.1505787e+000	
  5.1409046e+000	
  5.1300506e+000	
  5.1180164e+000	
  5.1048020e+000	
  5.0904075e+000	
  5.0748334e+000	
  5.0580804e+000	
  5.0401494e+000	
  5.0210419e+000	
  5.0007591e+000	
  4.9793031e+000	
  4.9566757e+000	
  4.9328795e+000	
  4.9079168e+000	
  4.8817906e+000	
  4.8545041e+000	
  4.8260606e+000	
  4.7964639e+000	
  4.7657177e+000	
  4.7338264e+000	
  4.7007944e+000	
  4.6666264e+000	
  4.6313275e+000	
  4.5949029e+000	
  4.5573581e+000	
  4.5186989e+000	
  4.4789314e+000	
  4.4380618e+000	
  4.3960968e+000	
  4.3530432e+000	
  4.3089080e+000	
  4.2636987e+000	
  4.2174228e+000	
  4.1700882e+000	
  4.1217029e+000	
  4.0722755e+000	
  4.0218144e+000	
  3.9703285e+000	
  3.9178270e+000	
  3.8643192e+000	
  3.8098148e+000	
  3.7543235e+000	
  3.6978554e+000	
  3.6404210e+000	
  3.5820307e+000	
  3.5226954e+000	
  3.4624261e+000	
  3.4012341e+000	
  3.3391309e+000	
  3.2761282e+000	
  3.2122380e+000	
  3.1474725e+000	
  3.0818441e+000	
  3.0153654e+000	
  2.9480493e+000	
  2.8799088e+000	
  2.8109573e+000	
  2.7412082e+000	
  2.6706752e+000	
  2.5993723e+000	
  2.5273135e+000	
  2.4545131e+000	
  2.3809858e+000	
  2.3067461e+000	
  2.2318091e+000	
  2.1561898e+000	
  2.0799034e+000	
  2.0029655e+000	
  1.9253918e+000	
  1.8471980e+000	
  1.7684002e+000	
  1.6890145e+000	
  1.6090574e+000	
  1.5285453e+000	
  1.4474949e+000	
  1.3659231e+000	
