  1.1300000e+000	
  1.1559500e+000	
  1.1816997e+000	
  1.2072435e+000	
  1.2325754e+000	
  1.2576899e+000	
  1.2825809e+000	
  1.3072427e+000	
  1.3316695e+000	
  1.3558553e+000	
  1.3797945e+000	
  1.4034810e+000	
  1.4269093e+000	
  1.4500734e+000	
  1.4729676e+000	
  1.4955863e+000	
  1.5179237e+000	
  1.5399742e+000	
  1.5617322e+000	
  1.5831921e+000	
  1.6043484e+000	
  1.6251957e+000	
  1.6457286e+000	
  1.6659416e+000	
  1.6858295e+000	
  1.7053871e+000	
  1.7246091e+000	
  1.7434905e+000	
  1.7620261e+000	
  1.7802110e+000	
  1.7980401e+000	
  1.8155088e+000	
  1.8326121e+000	
  1.8493452e+000	
  1.8657037e+000	
  1.8816828e+000	
  1.8972780e+000	
  1.9124850e+000	
  1.9272993e+000	
  1.9417166e+000	
  1.9557328e+000	
  1.9693437e+000	
  1.9825452e+000	
  1.9953334e+000	
  2.0077045e+000	
  2.0196545e+000	
  2.0311799e+000	
  2.0422769e+000	
  2.0529421e+000	
  2.0631720e+000	
  2.0729631e+000	
  2.0823124e+000	
  2.0912165e+000	
  2.0996723e+000	
  2.1076770e+000	
  2.1152276e+000	
  2.1223212e+000	
  2.1289553e+000	
  2.1351271e+000	
  2.1408342e+000	
  2.1460741e+000	
  2.1508445e+000	
  2.1551433e+000	
  2.1589683e+000	
  2.1623175e+000	
  2.1651889e+000	
  2.1675808e+000	
  2.1694915e+000	
  2.1709194e+000	
  2.1718629e+000	
  2.1723208e+000	
  2.1722916e+000	
  2.1717743e+000	
  2.1707678e+000	
  2.1692710e+000	
  2.1672832e+000	
  2.1648036e+000	
  2.1618315e+000	
  2.1583665e+000	
  2.1544082e+000	
  2.1499561e+000	
  2.1450102e+000	
  2.1395703e+000	
  2.1336364e+000	
  2.1272088e+000	
  2.1202875e+000	
  2.1128731e+000	
  2.1049660e+000	
  2.0965667e+000	
  2.0876760e+000	
  2.0782946e+000	
  2.0684235e+000	
  2.0580637e+000	
  2.0472163e+000	
  2.0358827e+000	
  2.0240642e+000	
  2.0117622e+000	
  1.9989783e+000	
  1.9857143e+000	
  1.9719720e+000	
  1.9577533e+000	
  1.9430603e+000	
  1.9278950e+000	
  1.9122598e+000	
  1.8961571e+000	
  1.8795893e+000	
  1.8625590e+000	
  1.8450689e+000	
  1.8271219e+000	
  1.8087208e+000	
  1.7898688e+000	
  1.7705689e+000	
  1.7508244e+000	
  1.7306387e+000	
  1.7100152e+000	
  1.6889576e+000	
  1.6674694e+000	
  1.6455545e+000	
  1.6232167e+000	
  1.6004601e+000	
  1.5772887e+000	
  1.5537068e+000	
  1.5297187e+000	
  1.5053287e+000	
  1.4805414e+000	
  1.4553614e+000	
  1.4297934e+000	
  1.4038421e+000	
  1.3775125e+000	
  1.3508097e+000	
  1.3237386e+000	
  1.2963044e+000	
  1.2685126e+000	
  1.2403683e+000	
  1.2118772e+000	
  1.1830447e+000	
  1.1538766e+000	
  1.1243785e+000	
  1.0945562e+000	
  1.0644158e+000	
  1.0339632e+000	
  1.0032044e+000	
  9.7214566e-001	
  9.4079322e-001	
  9.0915342e-001	
  8.7723265e-001	
  8.4503740e-001	
  8.1257425e-001	
  7.7984984e-001	
  7.4687088e-001	
  7.1364417e-001	
  6.8017657e-001	
  6.4647501e-001	
  6.1254651e-001	
  5.7839812e-001	
  5.4403699e-001	
  5.0947033e-001	
  4.7470539e-001	
  4.3974951e-001	
  4.0461009e-001	
  3.6929456e-001	
  3.3381044e-001	
  2.9816528e-001	
  2.6236672e-001	
  2.2642241e-001	
  1.9034009e-001	
  1.5412751e-001	
  1.1779251e-001	
  8.1342954e-002	
  4.4786747e-002	
  8.1318478e-003	
 -2.8613747e-002	
 -6.5442000e-002	
 -1.0234484e-001	
 -1.3931415e-001	
 -1.7634178e-001	
 -2.1341956e-001	
 -2.5053928e-001	
 -2.8769269e-001	
 -3.2487153e-001	
 -3.6206750e-001	
 -3.9927229e-001	
 -4.3647755e-001	
 -4.7367493e-001	
 -5.1085604e-001	
 -5.4801249e-001	
 -5.8513586e-001	
 -6.2221774e-001	
 -6.5924968e-001	
 -6.9622324e-001	
 -7.3312997e-001	
 -7.6996140e-001	
 -8.0670908e-001	
 -8.4336454e-001	
 -8.7991931e-001	
 -9.1636493e-001	
 -9.5269294e-001	
 -9.8889489e-001	
 -1.0249623e+000	
 -1.0608868e+000	
 -1.0966600e+000	
 -1.1322733e+000	
 -1.1677185e+000	
 -1.2029871e+000	
 -1.2380708e+000	
 -1.2729612e+000	
 -1.3076500e+000	
 -1.3421290e+000	
 -1.3763899e+000	
 -1.4104243e+000	
 -1.4442242e+000	
 -1.4777814e+000	
 -1.5110877e+000	
 -1.5441349e+000	
 -1.5769151e+000	
 -1.6094203e+000	
 -1.6416424e+000	
 -1.6735734e+000	
 -1.7052056e+000	
 -1.7365311e+000	
 -1.7675420e+000	
 -1.7982306e+000	
 -1.8285893e+000	
 -1.8586104e+000	
 -1.8882863e+000	
 -1.9176094e+000	
 -1.9465725e+000	
 -1.9751680e+000	
 -2.0033886e+000	
 -2.0312271e+000	
 -2.0586762e+000	
 -2.0857288e+000	
 -2.1123779e+000	
 -2.1386165e+000	
 -2.1644377e+000	
 -2.1898347e+000	
 -2.2148006e+000	
 -2.2393289e+000	
 -2.2634129e+000	
 -2.2870462e+000	
 -2.3102222e+000	
 -2.3329348e+000	
 -2.3551776e+000	
 -2.3769444e+000	
 -2.3982293e+000	
 -2.4190262e+000	
 -2.4393293e+000	
 -2.4591328e+000	
 -2.4784310e+000	
 -2.4972183e+000	
 -2.5154893e+000	
 -2.5332386e+000	
 -2.5504608e+000	
 -2.5671509e+000	
 -2.5833038e+000	
 -2.5989145e+000	
 -2.6139782e+000	
 -2.6284902e+000	
 -2.6424457e+000	
 -2.6558404e+000	
 -2.6686699e+000	
 -2.6809298e+000	
 -2.6926160e+000	
 -2.7037245e+000	
 -2.7142513e+000	
 -2.7241927e+000	
 -2.7335450e+000	
 -2.7423046e+000	
 -2.7504681e+000	
 -2.7580322e+000	
 -2.7649938e+000	
 -2.7713497e+000	
 -2.7770971e+000	
 -2.7822332e+000	
 -2.7867553e+000	
 -2.7906610e+000	
 -2.7939477e+000	
 -2.7966133e+000	
 -2.7986556e+000	
 -2.8000726e+000	
 -2.8008625e+000	
 -2.8010236e+000	
 -2.8005542e+000	
 -2.7994530e+000	
 -2.7977186e+000	
 -2.7953498e+000	
 -2.7923458e+000	
 -2.7887054e+000	
 -2.7844281e+000	
 -2.7795132e+000	
 -2.7739602e+000	
 -2.7677689e+000	
 -2.7609390e+000	
 -2.7534705e+000	
 -2.7453636e+000	
 -2.7366184e+000	
 -2.7272355e+000	
 -2.7172152e+000	
 -2.7065584e+000	
 -2.6952659e+000	
 -2.6833386e+000	
 -2.6707776e+000	
 -2.6575843e+000	
 -2.6437600e+000	
 -2.6293063e+000	
 -2.6142249e+000	
 -2.5985177e+000	
 -2.5821866e+000	
 -2.5652339e+000	
 -2.5476617e+000	
 -2.5294725e+000	
 -2.5106690e+000	
 -2.4912537e+000	
 -2.4712296e+000	
 -2.4505998e+000	
 -2.4293672e+000	
 -2.4075354e+000	
 -2.3851076e+000	
 -2.3620875e+000	
 -2.3384787e+000	
 -2.3142853e+000	
 -2.2895111e+000	
 -2.2641603e+000	
 -2.2382372e+000	
 -2.2117463e+000	
 -2.1846920e+000	
 -2.1570792e+000	
 -2.1289126e+000	
 -2.1001973e+000	
 -2.0709383e+000	
 -2.0411408e+000	
 -2.0108104e+000	
 -1.9799524e+000	
 -1.9485726e+000	
 -1.9166768e+000	
 -1.8842707e+000	
 -1.8513605e+000	
 -1.8179524e+000	
 -1.7840526e+000	
 -1.7496676e+000	
 -1.7148039e+000	
 -1.6794682e+000	
 -1.6436673e+000	
 -1.6074080e+000	
 -1.5706975e+000	
 -1.5335429e+000	
 -1.4959514e+000	
 -1.4579305e+000	
 -1.4194877e+000	
 -1.3806305e+000	
 -1.3413667e+000	
 -1.3017042e+000	
 -1.2616508e+000	
 -1.2212147e+000	
 -1.1804040e+000	
 -1.1392270e+000	
 -1.0976921e+000	
 -1.0558077e+000	
 -1.0135824e+000	
 -9.7102480e-001	
 -9.2814378e-001	
 -8.8494815e-001	
 -8.4144687e-001	
 -7.9764898e-001	
 -7.5356361e-001	
 -7.0919999e-001	
 -6.6456741e-001	
 -6.1967528e-001	
 -5.7453306e-001	
 -5.2915031e-001	
 -4.8353664e-001	
 -4.3770177e-001	
 -3.9165547e-001	
 -3.4540760e-001	
 -2.9896808e-001	
 -2.5234688e-001	
 -2.0555407e-001	
 -1.5859976e-001	
 -1.1149413e-001	
 -6.4247420e-002	
 -1.6869917e-002	
  3.0628026e-002	
  7.8236009e-002	
  1.2594358e-001	
  1.7374023e-001	
  2.2161543e-001	
  2.6955857e-001	
  3.1755904e-001	
  3.6560615e-001	
  4.1368920e-001	
  4.6179745e-001	
  5.0992012e-001	
  5.5804641e-001	
  6.0616549e-001	
  6.5426651e-001	
  7.0233857e-001	
  7.5037079e-001	
  7.9835224e-001	
  8.4627200e-001	
  8.9411911e-001	
  9.4188263e-001	
  9.8955158e-001	
  1.0371150e+000	
  1.0845619e+000	
  1.1318813e+000	
  1.1790623e+000	
  1.2260938e+000	
  1.2729650e+000	
  1.3196648e+000	
  1.3661823e+000	
  1.4125067e+000	
  1.4586269e+000	
  1.5045321e+000	
  1.5502115e+000	
  1.5956541e+000	
  1.6408491e+000	
  1.6857859e+000	
  1.7304536e+000	
  1.7748414e+000	
  1.8189388e+000	
  1.8627350e+000	
  1.9062195e+000	
  1.9493816e+000	
  1.9922110e+000	
  2.0346970e+000	
  2.0768294e+000	
  2.1185977e+000	
  2.1599917e+000	
  2.2010010e+000	
  2.2416156e+000	
  2.2818252e+000	
  2.3216200e+000	
  2.3609897e+000	
  2.3999247e+000	
  2.4384150e+000	
  2.4764508e+000	
  2.5140225e+000	
  2.5511205e+000	
  2.5877353e+000	
  2.6238574e+000	
  2.6594775e+000	
  2.6945864e+000	
  2.7291748e+000	
  2.7632338e+000	
  2.7967543e+000	
  2.8297275e+000	
  2.8621447e+000	
  2.8939971e+000	
  2.9252762e+000	
  2.9559736e+000	
  2.9860809e+000	
  3.0155900e+000	
  3.0444926e+000	
  3.0727809e+000	
  3.1004469e+000	
  3.1274830e+000	
  3.1538814e+000	
  3.1796347e+000	
  3.2047355e+000	
  3.2291765e+000	
  3.2529508e+000	
  3.2760512e+000	
  3.2984709e+000	
  3.3202033e+000	
  3.3412418e+000	
  3.3615799e+000	
  3.3812114e+000	
  3.4001301e+000	
  3.4183300e+000	
  3.4358054e+000	
  3.4525504e+000	
  3.4685597e+000	
  3.4838277e+000	
  3.4983492e+000	
  3.5121192e+000	
  3.5251327e+000	
  3.5373851e+000	
  3.5488716e+000	
  3.5595878e+000	
  3.5695296e+000	
  3.5786926e+000	
  3.5870731e+000	
  3.5946672e+000	
  3.6014714e+000	
  3.6074821e+000	
  3.6126961e+000	
  3.6171104e+000	
  3.6207219e+000	
  3.6235280e+000	
  3.6255260e+000	
  3.6267137e+000	
  3.6270886e+000	
  3.6266489e+000	
  3.6253926e+000	
  3.6233181e+000	
  3.6204239e+000	
  3.6167085e+000	
  3.6121710e+000	
  3.6068103e+000	
  3.6006257e+000	
  3.5936165e+000	
  3.5857824e+000	
  3.5771231e+000	
  3.5676386e+000	
  3.5573291e+000	
  3.5461948e+000	
  3.5342364e+000	
  3.5214545e+000	
  3.5078500e+000	
  3.4934240e+000	
  3.4781778e+000	
  3.4621127e+000	
  3.4452306e+000	
  3.4275331e+000	
  3.4090224e+000	
  3.3897006e+000	
  3.3695701e+000	
  3.3486335e+000	
  3.3268936e+000	
  3.3043533e+000	
  3.2810158e+000	
  3.2568844e+000	
  3.2319627e+000	
  3.2062542e+000	
  3.1797630e+000	
  3.1524930e+000	
  3.1244486e+000	
  3.0956341e+000	
  3.0660543e+000	
  3.0357138e+000	
  3.0046178e+000	
  2.9727713e+000	
  2.9401797e+000	
  2.9068486e+000	
  2.8727836e+000	
  2.8379906e+000	
  2.8024757e+000	
  2.7662451e+000	
  2.7293053e+000	
  2.6916629e+000	
  2.6533245e+000	
  2.6142971e+000	
  2.5745879e+000	
  2.5342041e+000	
  2.4931531e+000	
  2.4514426e+000	
  2.4090803e+000	
  2.3660741e+000	
  2.3224322e+000	
  2.2781629e+000	
  2.2332745e+000	
  2.1877756e+000	
  2.1416750e+000	
  2.0949816e+000	
  2.0477044e+000	
  1.9998526e+000	
  1.9514356e+000	
  1.9024628e+000	
  1.8529440e+000	
  1.8028889e+000	
  1.7523074e+000	
  1.7012097e+000	
  1.6496059e+000	
  1.5975064e+000	
  1.5449217e+000	
  1.4918624e+000	
  1.4383393e+000	
  1.3843633e+000	
  1.3299454e+000	
  1.2750967e+000	
  1.2198284e+000	
  1.1641521e+000	
  1.1080792e+000	
  1.0516213e+000	
  9.9479010e-001	
  9.3759753e-001	
  8.8005552e-001	
  8.2217613e-001	
  7.6397154e-001	
  7.0545402e-001	
  6.4663595e-001	
  5.8752980e-001	
  5.2814813e-001	
  4.6850362e-001	
  4.0860900e-001	
  3.4847711e-001	
  2.8812088e-001	
  2.2755332e-001	
  1.6678749e-001	
  1.0583657e-001	
  4.4713787e-002	
 -1.6567553e-002	
 -7.7994079e-002	
 -1.3955235e-001	
 -2.0122887e-001	
 -2.6301006e-001	
 -3.2488233e-001	
 -3.8683199e-001	
 -4.4884532e-001	
 -5.1090855e-001	
 -5.7300786e-001	
 -6.3512940e-001	
 -6.9725926e-001	
 -7.5938352e-001	
 -8.2148821e-001	
 -8.8355932e-001	
 -9.4558284e-001	
 -1.0075447e+000	
 -1.0694309e+000	
 -1.1312272e+000	
 -1.1929197e+000	
 -1.2544942e+000	
 -1.3159365e+000	
 -1.3772325e+000	
 -1.4383682e+000	
 -1.4993293e+000	
 -1.5601019e+000	
 -1.6206716e+000	
 -1.6810245e+000	
 -1.7411464e+000	
 -1.8010233e+000	
 -1.8606411e+000	
 -1.9199858e+000	
 -1.9790434e+000	
 -2.0377999e+000	
 -2.0962413e+000	
 -2.1543538e+000	
 -2.2121235e+000	
 -2.2695366e+000	
 -2.3265793e+000	
 -2.3832378e+000	
 -2.4394985e+000	
 -2.4953478e+000	
 -2.5507721e+000	
 -2.6057578e+000	
 -2.6602917e+000	
 -2.7143602e+000	
 -2.7679502e+000	
 -2.8210484e+000	
 -2.8736416e+000	
 -2.9257167e+000	
 -2.9772609e+000	
 -3.0282612e+000	
 -3.0787048e+000	
 -3.1285791e+000	
 -3.1778713e+000	
 -3.2265690e+000	
 -3.2746598e+000	
 -3.3221313e+000	
 -3.3689715e+000	
 -3.4151681e+000	
 -3.4607093e+000	
 -3.5055832e+000	
 -3.5497780e+000	
 -3.5932822e+000	
 -3.6360842e+000	
 -3.6781728e+000	
 -3.7195367e+000	
 -3.7601648e+000	
 -3.8000461e+000	
 -3.8391700e+000	
 -3.8775257e+000	
 -3.9151026e+000	
 -3.9518905e+000	
 -3.9878792e+000	
 -4.0230585e+000	
 -4.0574186e+000	
 -4.0909497e+000	
 -4.1236423e+000	
 -4.1554869e+000	
 -4.1864742e+000	
 -4.2165953e+000	
 -4.2458412e+000	
 -4.2742032e+000	
 -4.3016727e+000	
 -4.3282414e+000	
 -4.3539010e+000	
 -4.3786436e+000	
 -4.4024613e+000	
 -4.4253465e+000	
 -4.4472918e+000	
 -4.4682899e+000	
 -4.4883337e+000	
 -4.5074165e+000	
 -4.5255315e+000	
 -4.5426723e+000	
 -4.5588326e+000	
 -4.5740065e+000	
 -4.5881879e+000	
 -4.6013715e+000	
 -4.6135516e+000	
 -4.6247231e+000	
 -4.6348810e+000	
 -4.6440205e+000	
 -4.6521371e+000	
 -4.6592264e+000	
 -4.6652842e+000	
 -4.6703068e+000	
 -4.6742904e+000	
 -4.6772315e+000	
 -4.6791270e+000	
 -4.6799738e+000	
 -4.6797692e+000	
 -4.6785106e+000	
 -4.6761957e+000	
 -4.6728225e+000	
 -4.6683890e+000	
 -4.6628937e+000	
 -4.6563352e+000	
 -4.6487124e+000	
 -4.6400243e+000	
 -4.6302703e+000	
 -4.6194499e+000	
 -4.6075630e+000	
 -4.5946097e+000	
 -4.5805901e+000	
 -4.5655049e+000	
 -4.5493548e+000	
 -4.5321408e+000	
 -4.5138642e+000	
 -4.4945264e+000	
 -4.4741293e+000	
 -4.4526747e+000	
 -4.4301650e+000	
 -4.4066026e+000	
 -4.3819901e+000	
 -4.3563306e+000	
 -4.3296273e+000	
 -4.3018836e+000	
 -4.2731031e+000	
 -4.2432898e+000	
 -4.2124479e+000	
 -4.1805817e+000	
 -4.1476960e+000	
 -4.1137956e+000	
 -4.0788856e+000	
 -4.0429715e+000	
 -4.0060588e+000	
 -3.9681534e+000	
 -3.9292613e+000	
 -3.8893889e+000	
 -3.8485428e+000	
 -3.8067297e+000	
 -3.7639567e+000	
 -3.7202310e+000	
 -3.6755602e+000	
 -3.6299520e+000	
 -3.5834143e+000	
 -3.5359553e+000	
 -3.4875834e+000	
 -3.4383073e+000	
 -3.3881358e+000	
 -3.3370781e+000	
 -3.2851434e+000	
 -3.2323413e+000	
 -3.1786815e+000	
 -3.1241740e+000	
 -3.0688290e+000	
 -3.0126568e+000	
 -2.9556682e+000	
 -2.8978738e+000	
 -2.8392848e+000	
 -2.7799123e+000	
 -2.7197679e+000	
 -2.6588631e+000	
 -2.5972098e+000	
 -2.5348200e+000	
 -2.4717060e+000	
 -2.4078802e+000	
 -2.3433552e+000	
 -2.2781438e+000	
 -2.2122590e+000	
 -2.1457141e+000	
 -2.0785223e+000	
 -2.0106971e+000	
 -1.9422524e+000	
 -1.8732020e+000	
 -1.8035599e+000	
 -1.7333405e+000	
 -1.6625580e+000	
 -1.5912270e+000	
 -1.5193623e+000	
 -1.4469787e+000	
 -1.3740913e+000	
 -1.3007151e+000	
 -1.2268657e+000	
 -1.1525583e+000	
 -1.0778087e+000	
 -1.0026326e+000	
 -9.2704577e-001	
 -8.5106437e-001	
 -7.7470450e-001	
 -6.9798242e-001	
 -6.2091453e-001	
 -5.4351735e-001	
 -4.6580749e-001	
 -3.8780170e-001	
 -3.0951683e-001	
 -2.3096982e-001	
 -1.5217773e-001	
 -7.3157713e-002	
  6.0729875e-003	
  8.5497036e-002	
  1.6509701e-001	
  2.4485540e-001	
  3.2475463e-001	
  4.0477704e-001	
  4.8490489e-001	
  5.6512038e-001	
  6.4540565e-001	
  7.2574277e-001	
  8.0611377e-001	
  8.8650061e-001	
  9.6688521e-001	
  1.0472494e+000	
  1.1275751e+000	
  1.2078441e+000	
  1.2880381e+000	
  1.3681388e+000	
  1.4481280e+000	
  1.5279874e+000	
  1.6076986e+000	
  1.6872433e+000	
  1.7666031e+000	
  1.8457598e+000	
  1.9246948e+000	
  2.0033900e+000	
  2.0818270e+000	
  2.1599873e+000	
  2.2378528e+000	
  2.3154052e+000	
  2.3926261e+000	
  2.4694973e+000	
  2.5460007e+000	
  2.6221180e+000	
  2.6978312e+000	
  2.7731221e+000	
  2.8479728e+000	
  2.9223653e+000	
  2.9962817e+000	
  3.0697040e+000	
  3.1426146e+000	
  3.2149957e+000	
  3.2868296e+000	
  3.3580989e+000	
  3.4287860e+000	
  3.4988736e+000	
  3.5683444e+000	
  3.6371811e+000	
  3.7053667e+000	
  3.7728842e+000	
  3.8397167e+000	
  3.9058474e+000	
  3.9712597e+000	
  4.0359370e+000	
  4.0998630e+000	
  4.1630213e+000	
  4.2253959e+000	
  4.2869706e+000	
  4.3477297e+000	
  4.4076574e+000	
  4.4667381e+000	
  4.5249565e+000	
  4.5822972e+000	
  4.6387452e+000	
  4.6942855e+000	
  4.7489033e+000	
  4.8025842e+000	
  4.8553135e+000	
  4.9070772e+000	
  4.9578612e+000	
  5.0076515e+000	
  5.0564345e+000	
  5.1041968e+000	
  5.1509250e+000	
  5.1966061e+000	
  5.2412272e+000	
  5.2847757e+000	
  5.3272390e+000	
  5.3686050e+000	
  5.4088616e+000	
  5.4479970e+000	
  5.4859998e+000	
  5.5228585e+000	
  5.5585620e+000	
  5.5930995e+000	
  5.6264603e+000	
  5.6586341e+000	
  5.6896108e+000	
  5.7193803e+000	
  5.7479332e+000	
  5.7752600e+000	
  5.8013515e+000	
  5.8261990e+000	
  5.8497937e+000	
  5.8721274e+000	
  5.8931920e+000	
  5.9129797e+000	
  5.9314830e+000	
  5.9486946e+000	
  5.9646075e+000	
  5.9792150e+000	
  5.9925108e+000	
  6.0044887e+000	
  6.0151428e+000	
  6.0244676e+000	
  6.0324579e+000	
  6.0391086e+000	
  6.0444151e+000	
  6.0483731e+000	
  6.0509784e+000	
  6.0522272e+000	
  6.0521161e+000	
  6.0506419e+000	
  6.0478018e+000	
  6.0435931e+000	
  6.0380135e+000	
  6.0310613e+000	
  6.0227346e+000	
  6.0130321e+000	
  6.0019529e+000	
  5.9894962e+000	
  5.9756615e+000	
  5.9604489e+000	
  5.9438585e+000	
  5.9258909e+000	
  5.9065469e+000	
  5.8858276e+000	
  5.8637346e+000	
  5.8402696e+000	
  5.8154347e+000	
  5.7892324e+000	
  5.7616653e+000	
  5.7327366e+000	
  5.7024496e+000	
  5.6708079e+000	
  5.6378155e+000	
  5.6034768e+000	
  5.5677963e+000	
  5.5307790e+000	
  5.4924300e+000	
  5.4527550e+000	
  5.4117597e+000	
  5.3694503e+000	
  5.3258334e+000	
  5.2809155e+000	
  5.2347039e+000	
  5.1872059e+000	
  5.1384291e+000	
  5.0883816e+000	
  5.0370716e+000	
  4.9845077e+000	
  4.9306987e+000	
  4.8756538e+000	
  4.8193826e+000	
  4.7618946e+000	
  4.7032000e+000	
  4.6433091e+000	
  4.5822326e+000	
  4.5199812e+000	
  4.4565662e+000	
  4.3919991e+000	
  4.3262916e+000	
  4.2594557e+000	
  4.1915037e+000	
  4.1224482e+000	
  4.0523020e+000	
  3.9810783e+000	
  3.9087904e+000	
  3.8354519e+000	
  3.7610769e+000	
  3.6856793e+000	
  3.6092737e+000	
  3.5318748e+000	
  3.4534974e+000	
  3.3741568e+000	
  3.2938683e+000	
  3.2126477e+000	
  3.1305109e+000	
  3.0474741e+000	
  2.9635536e+000	
  2.8787660e+000	
  2.7931283e+000	
  2.7066576e+000	
  2.6193711e+000	
  2.5312864e+000	
  2.4424212e+000	
  2.3527936e+000	
  2.2624217e+000	
  2.1713239e+000	
  2.0795189e+000	
  1.9870255e+000	
  1.8938626e+000	
  1.8000494e+000	
  1.7056055e+000	
  1.6105503e+000	
  1.5149037e+000	
  1.4186856e+000	
  1.3219161e+000	
  1.2246155e+000	
  1.1268044e+000	
  1.0285033e+000	
  9.2973315e-001	
  8.3051482e-001	
  7.3086944e-001	
  6.3081829e-001	
  5.3038277e-001	
  4.2958444e-001	
  3.2844499e-001	
  2.2698624e-001	
  1.2523012e-001	
  2.3198721e-002	
 -7.9085782e-002	
 -1.8160109e-001	
 -2.8432478e-001	
 -3.8723436e-001	
 -4.9030721e-001	
 -5.9352062e-001	
 -6.9685181e-001	
 -8.0027788e-001	
 -9.0377589e-001	
 -1.0073228e+000	
 -1.1108955e+000	
 -1.2144708e+000	
 -1.3180256e+000	
 -1.4215364e+000	
 -1.5249801e+000	
 -1.6283332e+000	
 -1.7315722e+000	
 -1.8346739e+000	
 -1.9376146e+000	
 -2.0403710e+000	
 -2.1429194e+000	
 -2.2452363e+000	
 -2.3472983e+000	
 -2.4490817e+000	
 -2.5505631e+000	
 -2.6517188e+000	
 -2.7525255e+000	
 -2.8529596e+000	
 -2.9529977e+000	
 -3.0526162e+000	
 -3.1517918e+000	
 -3.2505012e+000	
 -3.3487210e+000	
 -3.4464279e+000	
 -3.5435988e+000	
 -3.6402105e+000	
 -3.7362399e+000	
 -3.8316641e+000	
 -3.9264600e+000	
 -4.0206049e+000	
 -4.1140760e+000	
 -4.2068506e+000	
 -4.2989062e+000	
 -4.3902204e+000	
 -4.4807707e+000	
 -4.5705350e+000	
 -4.6594911e+000	
 -4.7476171e+000	
 -4.8348911e+000	
 -4.9212914e+000	
 -5.0067965e+000	
 -5.0913849e+000	
 -5.1750353e+000	
 -5.2577267e+000	
 -5.3394381e+000	
 -5.4201486e+000	
 -5.4998378e+000	
 -5.5784852e+000	
 -5.6560705e+000	
 -5.7325737e+000	
 -5.8079749e+000	
 -5.8822544e+000	
 -5.9553929e+000	
 -6.0273709e+000	
 -6.0981696e+000	
 -6.1677700e+000	
 -6.2361536e+000	
 -6.3033020e+000	
 -6.3691970e+000	
 -6.4338209e+000	
 -6.4971558e+000	
 -6.5591843e+000	
 -6.6198894e+000	
 -6.6792541e+000	
 -6.7372617e+000	
 -6.7938959e+000	
 -6.8491405e+000	
 -6.9029797e+000	
 -6.9553979e+000	
 -7.0063799e+000	
 -7.0559106e+000	
 -7.1039753e+000	
 -7.1505596e+000	
 -7.1956493e+000	
 -7.2392307e+000	
 -7.2812903e+000	
 -7.3218147e+000	
 -7.3607911e+000	
 -7.3982070e+000	
 -7.4340500e+000	
 -7.4683083e+000	
 -7.5009702e+000	
 -7.5320245e+000	
 -7.5614601e+000	
 -7.5892665e+000	
 -7.6154334e+000	
 -7.6399509e+000	
 -7.6628094e+000	
 -7.6839997e+000	
 -7.7035129e+000	
 -7.7213404e+000	
 -7.7374742e+000	
 -7.7519063e+000	
 -7.7646294e+000	
 -7.7756364e+000	
 -7.7849205e+000	
 -7.7924755e+000	
 -7.7982954e+000	
 -7.8023746e+000	
 -7.8047078e+000	
 -7.8052903e+000	
 -7.8041176e+000	
 -7.8011856e+000	
 -7.7964907e+000	
 -7.7900296e+000	
 -7.7817994e+000	
 -7.7717975e+000	
 -7.7600218e+000	
 -7.7464707e+000	
 -7.7311427e+000	
 -7.7140371e+000	
 -7.6951531e+000	
 -7.6744907e+000	
 -7.6520502e+000	
 -7.6278322e+000	
 -7.6018378e+000	
 -7.5740685e+000	
 -7.5445260e+000	
 -7.5132128e+000	
 -7.4801314e+000	
 -7.4452851e+000	
 -7.4086771e+000	
 -7.3703116e+000	
 -7.3301926e+000	
 -7.2883250e+000	
 -7.2447139e+000	
 -7.1993648e+000	
 -7.1522835e+000	
 -7.1034765e+000	
 -7.0529505e+000	
 -7.0007125e+000	
 -6.9467701e+000	
 -6.8911313e+000	
 -6.8338044e+000	
 -6.7747981e+000	
 -6.7141216e+000	
 -6.6517844e+000	
 -6.5877964e+000	
 -6.5221680e+000	
 -6.4549099e+000	
 -6.3860332e+000	
 -6.3155495e+000	
 -6.2434706e+000	
 -6.1698089e+000	
 -6.0945769e+000	
 -6.0177878e+000	
 -5.9394550e+000	
 -5.8595924e+000	
 -5.7782140e+000	
 -5.6953347e+000	
 -5.6109692e+000	
 -5.5251329e+000	
 -5.4378415e+000	
 -5.3491111e+000	
 -5.2589580e+000	
 -5.1673992e+000	
 -5.0744517e+000	
 -4.9801330e+000	
 -4.8844610e+000	
 -4.7874539e+000	
 -4.6891302e+000	
 -4.5895089e+000	
 -4.4886091e+000	
 -4.3864505e+000	
 -4.2830529e+000	
 -4.1784365e+000	
 -4.0726220e+000	
 -3.9656302e+000	
 -3.8574822e+000	
 -3.7481996e+000	
 -3.6378042e+000	
 -3.5263181e+000	
 -3.4137637e+000	
 -3.3001638e+000	
 -3.1855414e+000	
 -3.0699196e+000	
 -2.9533223e+000	
 -2.8357731e+000	
 -2.7172962e+000	
 -2.5979161e+000	
 -2.4776573e+000	
 -2.3565449e+000	
 -2.2346040e+000	
 -2.1118600e+000	
 -1.9883386e+000	
 -1.8640657e+000	
 -1.7390674e+000	
 -1.6133703e+000	
 -1.4870007e+000	
 -1.3599857e+000	
 -1.2323521e+000	
 -1.1041273e+000	
 -9.7533861e-001	
 -8.4601379e-001	
 -7.1618062e-001	
 -5.8586711e-001	
 -4.5510146e-001	
 -3.2391204e-001	
 -1.9232737e-001	
 -6.0376157e-002	
  7.1912752e-002	
  2.0451036e-001	
  3.3738752e-001	
  4.7051496e-001	
  6.0386326e-001	
  7.3740288e-001	
  8.7110419e-001	
  1.0049374e+000	
  1.1388727e+000	
  1.2728800e+000	
  1.4069293e+000	
  1.5409905e+000	
  1.6750333e+000	
  1.8090274e+000	
  1.9429424e+000	
  2.0767480e+000	
  2.2104136e+000	
  2.3439088e+000	
  2.4772028e+000	
  2.6102652e+000	
  2.7430652e+000	
  2.8755723e+000	
  3.0077557e+000	
  3.1395849e+000	
  3.2710290e+000	
  3.4020575e+000	
  3.5326397e+000	
  3.6627449e+000	
  3.7923425e+000	
  3.9214021e+000	
  4.0498929e+000	
  4.1777847e+000	
  4.3050468e+000	
  4.4316489e+000	
  4.5575608e+000	
  4.6827522e+000	
  4.8071929e+000	
  4.9308529e+000	
  5.0537023e+000	
  5.1757111e+000	
  5.2968495e+000	
  5.4170881e+000	
  5.5363971e+000	
  5.6547473e+000	
  5.7721094e+000	
  5.8884543e+000	
  6.0037529e+000	
  6.1179766e+000	
  6.2310966e+000	
  6.3430844e+000	
  6.4539118e+000	
  6.5635506e+000	
  6.6719729e+000	
  6.7791509e+000	
  6.8850571e+000	
  6.9896642e+000	
  7.0929451e+000	
  7.1948728e+000	
  7.2954207e+000	
  7.3945623e+000	
  7.4922714e+000	
  7.5885221e+000	
  7.6832887e+000	
  7.7765457e+000	
  7.8682680e+000	
  7.9584306e+000	
  8.0470089e+000	
  8.1339785e+000	
  8.2193154e+000	
  8.3029959e+000	
  8.3849964e+000	
  8.4652937e+000	
  8.5438652e+000	
  8.6206881e+000	
  8.6957403e+000	
  8.7690000e+000	
  8.8404456e+000	
  8.9100559e+000	
  8.9778100e+000	
  9.0436876e+000	
  9.1076684e+000	
  9.1697327e+000	
  9.2298611e+000	
  9.2880345e+000	
  9.3442345e+000	
  9.3984427e+000	
  9.4506414e+000	
  9.5008130e+000	
  9.5489406e+000	
  9.5950076e+000	
  9.6389978e+000	
  9.6808955e+000	
  9.7206853e+000	
  9.7583523e+000	
  9.7938823e+000	
  9.8272611e+000	
  9.8584753e+000	
  9.8875120e+000	
  9.9143584e+000	
  9.9390027e+000	
  9.9614331e+000	
  9.9816387e+000	
  9.9996089e+000	
  1.0015334e+001	
  1.0028803e+001	
  1.0040009e+001	
  1.0048942e+001	
  1.0055595e+001	
  1.0059960e+001	
  1.0062031e+001	
  1.0061801e+001	
  1.0059264e+001	
  1.0054416e+001	
  1.0047252e+001	
  1.0037769e+001	
  1.0025962e+001	
  1.0011829e+001	
  9.9953691e+000	
  9.9765796e+000	
  9.9554602e+000	
  9.9320106e+000	
  9.9062315e+000	
  9.8781239e+000	
  9.8476898e+000	
  9.8149315e+000	
  9.7798521e+000	
  9.7424556e+000	
  9.7027463e+000	
  9.6607294e+000	
  9.6164107e+000	
  9.5697965e+000	
  9.5208942e+000	
  9.4697113e+000	
  9.4162565e+000	
  9.3605387e+000	
  9.3025677e+000	
  9.2423540e+000	
  9.1799084e+000	
  9.1152427e+000	
  9.0483691e+000	
  8.9793005e+000	
  8.9080503e+000	
  8.8346325e+000	
  8.7590617e+000	
  8.6813531e+000	
  8.6015223e+000	
  8.5195855e+000	
  8.4355593e+000	
  8.3494610e+000	
  8.2613081e+000	
  8.1711188e+000	
  8.0789114e+000	
  7.9847050e+000	
  7.8885187e+000	
  7.7903723e+000	
  7.6902858e+000	
  7.5882795e+000	
  7.4843741e+000	
  7.3785906e+000	
  7.2709503e+000	
  7.1614746e+000	
  7.0501854e+000	
  6.9371047e+000	
  6.8222550e+000	
  6.7056586e+000	
  6.5873384e+000	
  6.4673173e+000	
  6.3456186e+000	
  6.2222656e+000	
  6.0972821e+000	
  5.9706917e+000	
  5.8425187e+000	
  5.7127873e+000	
  5.5815219e+000	
  5.4487473e+000	
  5.3144885e+000	
  5.1787706e+000	
  5.0416191e+000	
  4.9030597e+000	
  4.7631183e+000	
  4.6218212e+000	
  4.4791949e+000	
  4.3352661e+000	
  4.1900620e+000	
  4.0436100e+000	
  3.8959378e+000	
  3.7470735e+000	
  3.5970453e+000	
  3.4458822e+000	
  3.2936130e+000	
  3.1402672e+000	
  2.9858745e+000	
  2.8304650e+000	
  2.6740693e+000	
  2.5167180e+000	
  2.3584425e+000	
  2.1992740e+000	
  2.0392447e+000	
  1.8783866e+000	
  1.7167323e+000	
  1.5543147e+000	
  1.3911670e+000	
  1.2273228e+000	
  1.0628159e+000	
  8.9768059e-001	
  7.3195123e-001	
  5.6566264e-001	
  3.9884984e-001	
  2.3154818e-001	
  6.3793215e-002	
 -1.0437921e-001	
 -2.7293302e-001	
 -4.4183191e-001	
 -6.1103937e-001	
 -7.8051866e-001	
 -9.5023287e-001	
 -1.1201449e+000	
 -1.2902174e+000	
 -1.4604129e+000	
 -1.6306940e+000	
 -1.8010227e+000	
 -1.9713613e+000	
 -2.1416716e+000	
 -2.3119158e+000	
 -2.4820554e+000	
 -2.6520523e+000	
 -2.8218679e+000	
 -2.9914640e+000	
 -3.1608020e+000	
 -3.3298432e+000	
 -3.4985492e+000	
 -3.6668813e+000	
 -3.8348008e+000	
 -4.0022691e+000	
 -4.1692475e+000	
 -4.3356973e+000	
 -4.5015800e+000	
 -4.6668568e+000	
 -4.8314893e+000	
 -4.9954388e+000	
 -5.1586669e+000	
 -5.3211352e+000	
 -5.4828053e+000	
 -5.6436390e+000	
 -5.8035980e+000	
 -5.9626443e+000	
 -6.1207400e+000	
 -6.2778472e+000	
 -6.4339281e+000	
 -6.5889452e+000	
 -6.7428609e+000	
 -6.8956381e+000	
 -7.0472396e+000	
 -7.1976284e+000	
 -7.3467678e+000	
 -7.4946211e+000	
 -7.6411519e+000	
 -7.7863241e+000	
 -7.9301017e+000	
 -8.0724489e+000	
 -8.2133302e+000	
 -8.3527103e+000	
 -8.4905542e+000	
 -8.6268272e+000	
 -8.7614946e+000	
 -8.8945223e+000	
 -9.0258763e+000	
 -9.1555230e+000	
 -9.2834290e+000	
 -9.4095613e+000	
 -9.5338871e+000	
 -9.6563740e+000	
 -9.7769899e+000	
 -9.8957031e+000	
 -1.0012482e+001	
 -1.0127296e+001	
 -1.0240114e+001	
 -1.0350907e+001	
 -1.0459643e+001	
 -1.0566293e+001	
 -1.0670829e+001	
 -1.0773222e+001	
 -1.0873443e+001	
 -1.0971464e+001	
 -1.1067258e+001	
 -1.1160799e+001	
 -1.1252058e+001	
 -1.1341011e+001	
 -1.1427631e+001	
 -1.1511893e+001	
 -1.1593773e+001	
 -1.1673245e+001	
 -1.1750287e+001	
 -1.1824876e+001	
 -1.1896987e+001	
 -1.1966599e+001	
 -1.2033690e+001	
 -1.2098239e+001	
 -1.2160224e+001	
 -1.2219627e+001	
 -1.2276426e+001	
 -1.2330603e+001	
 -1.2382138e+001	
 -1.2431015e+001	
 -1.2477215e+001	
 -1.2520722e+001	
 -1.2561518e+001	
 -1.2599588e+001	
 -1.2634917e+001	
 -1.2667490e+001	
 -1.2697293e+001	
 -1.2724313e+001	
 -1.2748535e+001	
 -1.2769949e+001	
 -1.2788542e+001	
 -1.2804304e+001	
 -1.2817222e+001	
 -1.2827289e+001	
 -1.2834494e+001	
 -1.2838828e+001	
 -1.2840284e+001	
 -1.2838855e+001	
 -1.2834532e+001	
 -1.2827311e+001	
 -1.2817186e+001	
 -1.2804151e+001	
 -1.2788203e+001	
 -1.2769338e+001	
 -1.2747553e+001	
 -1.2722846e+001	
 -1.2695214e+001	
 -1.2664658e+001	
 -1.2631176e+001	
 -1.2594769e+001	
 -1.2555438e+001	
 -1.2513185e+001	
 -1.2468011e+001	
 -1.2419921e+001	
 -1.2368916e+001	
 -1.2315003e+001	
 -1.2258185e+001	
 -1.2198468e+001	
 -1.2135859e+001	
 -1.2070364e+001	
 -1.2001992e+001	
 -1.1930750e+001	
 -1.1856647e+001	
 -1.1779693e+001	
 -1.1699899e+001	
 -1.1617274e+001	
 -1.1531832e+001	
 -1.1443583e+001	
 -1.1352541e+001	
 -1.1258720e+001	
 -1.1162134e+001	
 -1.1062797e+001	
 -1.0960726e+001	
 -1.0855936e+001	
 -1.0748445e+001	
 -1.0638269e+001	
 -1.0525428e+001	
 -1.0409940e+001	
 -1.0291823e+001	
 -1.0171100e+001	
 -1.0047789e+001	
 -9.9219128e+000	
 -9.7934933e+000	
 -9.6625529e+000	
 -9.5291149e+000	
 -9.3932032e+000	
 -9.2548422e+000	
 -9.1140571e+000	
 -8.9708736e+000	
 -8.8253179e+000	
 -8.6774170e+000	
 -8.5271984e+000	
 -8.3746902e+000	
 -8.2199211e+000	
 -8.0629202e+000	
 -7.9037176e+000	
 -7.7423434e+000	
 -7.5788289e+000	
 -7.4132053e+000	
 -7.2455050e+000	
 -7.0757604e+000	
 -6.9040047e+000	
 -6.7302718e+000	
 -6.5545957e+000	
 -6.3770113e+000	
 -6.1975538e+000	
 -6.0162591e+000	
 -5.8331634e+000	
 -5.6483035e+000	
 -5.4617167e+000	
 -5.2734407e+000	
 -5.0835139e+000	
 -4.8919748e+000	
 -4.6988627e+000	
 -4.5042172e+000	
 -4.3080783e+000	
 -4.1104866e+000	
 -3.9114830e+000	
 -3.7111087e+000	
 -3.5094057e+000	
 -3.3064160e+000	
 -3.1021822e+000	
 -2.8967474e+000	
 -2.6901547e+000	
 -2.4824480e+000	
 -2.2736713e+000	
 -2.0638690e+000	
 -1.8530858e+000	
 -1.6413670e+000	
 -1.4287578e+000	
 -1.2153042e+000	
 -1.0010520e+000	
 -7.8604771e-001	
 -5.7033792e-001	
 -3.5396956e-001	
 -1.3698983e-001	
  8.0553824e-002	
  2.9861370e-001	
  5.1714185e-001	
  7.3609009e-001	
  9.5541004e-001	
  1.1750531e+000	
  1.3949704e+000	
  1.6151130e+000	
  1.8354316e+000	
  2.0558770e+000	
  2.2763996e+000	
  2.4969497e+000	
  2.7174776e+000	
  2.9379332e+000	
  3.1582666e+000	
  3.3784274e+000	
  3.5983655e+000	
  3.8180305e+000	
  4.0373719e+000	
  4.2563391e+000	
  4.4748817e+000	
  4.6929489e+000	
  4.9104901e+000	
  5.1274546e+000	
  5.3437915e+000	
  5.5594502e+000	
  5.7743799e+000	
  5.9885298e+000	
  6.2018492e+000	
  6.4142874e+000	
  6.6257936e+000	
  6.8363172e+000	
  7.0458076e+000	
  7.2542142e+000	
  7.4614866e+000	
  7.6675742e+000	
  7.8724269e+000	
  8.0759941e+000	
  8.2782259e+000	
  8.4790720e+000	
  8.6784825e+000	
  8.8764074e+000	
  9.0727970e+000	
  9.2676016e+000	
  9.4607715e+000	
  9.6522572e+000	
  9.8420095e+000	
  1.0029979e+001	
  1.0216116e+001	
  1.0400373e+001	
  1.0582699e+001	
  1.0763046e+001	
  1.0941365e+001	
  1.1117608e+001	
  1.1291725e+001	
  1.1463668e+001	
  1.1633388e+001	
  1.1800836e+001	
  1.1965964e+001	
  1.2128723e+001	
  1.2289063e+001	
  1.2446935e+001	
  1.2602291e+001	
  1.2755081e+001	
  1.2905254e+001	
  1.3052760e+001	
  1.3197550e+001	
  1.3339570e+001	
  1.3478770e+001	
  1.3615097e+001	
  1.3748498e+001	
  1.3878917e+001	
  1.4006300e+001	
  1.4130590e+001	
  1.4251728e+001	
  1.4369655e+001	
  1.4484308e+001	
  1.4595625e+001	
  1.4703539e+001	
  1.4807980e+001	
  1.4908879e+001	
  1.5006158e+001	
  1.5099740e+001	
  1.5189541e+001	
  1.5275475e+001	
  1.5357448e+001	
  1.5435363e+001	
  1.5509114e+001	
  1.5578591e+001	
  1.5643675e+001	
  1.5704238e+001	
  1.5760144e+001	
  1.5811246e+001	
  1.5857387e+001	
  1.5898397e+001	
  1.5934094e+001	
  1.5964280e+001	
  1.5988746e+001	
  1.6007261e+001	
  1.6019581e+001	
  1.6025442e+001	
  1.6024560e+001	
  1.6016630e+001	
  1.6001328e+001	
  1.5978303e+001	
  1.5947187e+001	
  1.5907584e+001	
  1.5859079e+001	
  1.5801232e+001	
  1.5733586e+001	
  1.5655660e+001	
  1.5566960e+001	
  1.5466980e+001	
  1.5355203e+001	
  1.5231113e+001	
  1.5094198e+001	
  1.4943959e+001	
  1.4779923e+001	
  1.4601651e+001	
  1.4408754e+001	
  1.4200906e+001	
  1.3977859e+001	
  1.3739463e+001	
  1.3485678e+001	
  1.3216594e+001	
  1.2932448e+001	
  1.2633635e+001	
  1.2320721e+001	
  1.1994455e+001	
  1.1655768e+001	
  1.1305775e+001	
  1.0945768e+001	
  1.0577201e+001	
  1.0201674e+001	
  9.8209039e+000	
  9.4366961e+000	
  9.0509072e+000	
  8.6654075e+000	
  8.2820404e+000	
  7.9025829e+000	
  7.5287084e+000	
  7.1619529e+000	
  6.8036867e+000	
  6.4550930e+000	
  6.1171529e+000	
  5.7906380e+000	
  5.4761100e+000	
  5.1739271e+000	
  4.8842551e+000	
  4.6070836e+000	
  4.3422454e+000	
  4.0894374e+000	
  3.8482435e+000	
  3.6181560e+000	
  3.3985977e+000	
  3.1889413e+000	
  2.9885277e+000	
  2.7966819e+000	
  2.6127266e+000	
  2.4359938e+000	
  2.2658336e+000	
  2.1016218e+000	
  1.9427652e+000	
  1.7887053e+000	
  1.6389210e+000	
  1.4929293e+000	
  1.3502865e+000	
  1.2105871e+000	
  1.0734630e+000	
  9.3858200e-001	
  8.0564607e-001	
  6.7438935e-001	
  5.4457598e-001	
  4.1599794e-001	
  2.8847284e-001	
  1.6184175e-001	
  3.5967150e-002	
 -8.9269120e-002	
 -2.1396771e-001	
 -3.3821353e-001	
 -4.6207745e-001	
 -5.8561773e-001	
 -7.0888150e-001	
 -8.3190599e-001	
 -9.5471971e-001	
 -1.0773435e+000	
 -1.1997913e+000	
 -1.3220715e+000	
 -1.4441869e+000	
 -1.5661362e+000	
 -1.6879140e+000	
 -1.8095116e+000	
 -1.9309174e+000	
 -2.0521174e+000	
 -2.1730953e+000	
 -2.2938331e+000	
 -2.4143113e+000	
 -2.5345089e+000	
 -2.6544040e+000	
 -2.7739735e+000	
 -2.8931938e+000	
 -3.0120405e+000	
 -3.1304887e+000	
 -3.2485129e+000	
 -3.3660876e+000	
 -3.4831866e+000	
 -3.5997837e+000	
 -3.7158525e+000	
 -3.8313664e+000	
 -3.9462988e+000	
 -4.0606231e+000	
 -4.1743123e+000	
 -4.2873398e+000	
 -4.3996789e+000	
 -4.5113028e+000	
 -4.6221849e+000	
 -4.7322986e+000	
 -4.8416174e+000	
 -4.9501148e+000	
 -5.0577645e+000	
 -5.1645404e+000	
 -5.2704162e+000	
 -5.3753661e+000	
 -5.4793641e+000	
 -5.5823847e+000	
 -5.6844022e+000	
 -5.7853913e+000	
 -5.8853267e+000	
 -5.9841834e+000	
 -6.0819366e+000	
 -6.1785615e+000	
 -6.2740337e+000	
 -6.3683289e+000	
 -6.4614228e+000	
 -6.5532918e+000	
 -6.6439121e+000	
 -6.7332602e+000	
 -6.8213130e+000	
 -6.9080474e+000	
 -6.9934408e+000	
 -7.0774705e+000	
 -7.1601144e+000	
 -7.2413504e+000	
 -7.3211569e+000	
 -7.3995123e+000	
 -7.4763954e+000	
 -7.5517854e+000	
 -7.6256616e+000	
 -7.6980036e+000	
 -7.7687915e+000	
 -7.8380054e+000	
 -7.9056260e+000	
 -7.9716340e+000	
 -8.0360107e+000	
 -8.0987376e+000	
 -8.1597964e+000	
 -8.2191694e+000	
 -8.2768391e+000	
 -8.3327882e+000	
 -8.3869999e+000	
 -8.4394579e+000	
 -8.4901458e+000	
 -8.5390481e+000	
 -8.5861492e+000	
 -8.6314341e+000	
 -8.6748883e+000	
 -8.7164973e+000	
 -8.7562473e+000	
 -8.7941247e+000	
 -8.8301165e+000	
 -8.8642099e+000	
 -8.8963924e+000	
 -8.9266523e+000	
 -8.9549778e+000	
 -8.9813579e+000	
 -9.0057819e+000	
 -9.0282394e+000	
 -9.0487205e+000	
 -9.0672158e+000	
 -9.0837161e+000	
 -9.0982129e+000	
 -9.1106979e+000	
 -9.1211635e+000	
 -9.1296021e+000	
 -9.1360070e+000	
 -9.1403717e+000	
 -9.1426902e+000	
 -9.1429568e+000	
 -9.1411666e+000	
 -9.1373147e+000	
 -9.1313971e+000	
 -9.1234098e+000	
 -9.1133497e+000	
 -9.1012139e+000	
 -9.0869999e+000	
 -9.0707059e+000	
 -9.0523303e+000	
 -9.0318723e+000	
 -9.0093312e+000	
 -8.9847070e+000	
 -8.9580000e+000	
 -8.9292113e+000	
 -8.8983420e+000	
 -8.8653940e+000	
 -8.8303697e+000	
 -8.7932717e+000	
 -8.7541032e+000	
 -8.7128681e+000	
 -8.6695705e+000	
 -8.6242149e+000	
 -8.5768067e+000	
 -8.5273513e+000	
 -8.4758548e+000	
 -8.4223239e+000	
 -8.3667654e+000	
 -8.3091870e+000	
 -8.2495966e+000	
 -8.1880026e+000	
 -8.1244140e+000	
 -8.0588402e+000	
 -7.9912910e+000	
 -7.9217767e+000	
 -7.8503081e+000	
 -7.7768966e+000	
 -7.7015538e+000	
 -7.6242919e+000	
 -7.5451236e+000	
 -7.4640620e+000	
 -7.3811207e+000	
 -7.2963136e+000	
 -7.2096554e+000	
 -7.1211609e+000	
 -7.0308455e+000	
 -6.9387251e+000	
 -6.8448159e+000	
 -6.7491346e+000	
 -6.6516985e+000	
 -6.5525252e+000	
 -6.4516326e+000	
 -6.3490392e+000	
 -6.2447640e+000	
 -6.1388263e+000	
 -6.0312458e+000	
 -5.9220427e+000	
 -5.8112376e+000	
 -5.6988514e+000	
 -5.5849056e+000	
 -5.4694220e+000	
 -5.3524227e+000	
 -5.2339305e+000	
 -5.1139682e+000	
 -4.9925593e+000	
 -4.8697276e+000	
 -4.7454972e+000	
 -4.6198925e+000	
 -4.4929386e+000	
 -4.3646607e+000	
 -4.2350844e+000	
