  1.1300000e+000	
  1.1559500e+000	
  1.1816997e+000	
  1.2072435e+000	
  1.2325754e+000	
  1.2576899e+000	
  1.2825809e+000	
  1.3072427e+000	
  1.3316695e+000	
  1.3558553e+000	
  1.3797945e+000	
  1.4034810e+000	
  1.4269093e+000	
  1.4500734e+000	
  1.4729676e+000	
  1.4955863e+000	
  1.5179237e+000	
  1.5399742e+000	
  1.5617322e+000	
  1.5831921e+000	
  1.6043484e+000	
  1.6251957e+000	
  1.6457286e+000	
  1.6659416e+000	
  1.6858295e+000	
  1.7053871e+000	
  1.7246091e+000	
  1.7434905e+000	
  1.7620261e+000	
  1.7802110e+000	
  1.7980401e+000	
  1.8155088e+000	
  1.8326121e+000	
  1.8493452e+000	
  1.8657037e+000	
  1.8816828e+000	
  1.8972780e+000	
  1.9124850e+000	
  1.9272993e+000	
  1.9417166e+000	
  1.9557328e+000	
  1.9693437e+000	
  1.9825452e+000	
  1.9953334e+000	
  2.0077045e+000	
  2.0196545e+000	
  2.0311799e+000	
  2.0422769e+000	
  2.0529421e+000	
  2.0631720e+000	
  2.0729631e+000	
  2.0823124e+000	
  2.0912165e+000	
  2.0996723e+000	
  2.1076770e+000	
  2.1152276e+000	
  2.1223212e+000	
  2.1289553e+000	
  2.1351271e+000	
  2.1408342e+000	
  2.1460741e+000	
  2.1508445e+000	
  2.1551433e+000	
  2.1589683e+000	
  2.1623175e+000	
  2.1651889e+000	
  2.1675808e+000	
  2.1694915e+000	
  2.1709194e+000	
  2.1718629e+000	
  2.1723208e+000	
  2.1722916e+000	
  2.1717743e+000	
  2.1707678e+000	
  2.1692710e+000	
  2.1672832e+000	
  2.1648036e+000	
  2.1618315e+000	
  2.1583665e+000	
  2.1544082e+000	
  2.1499561e+000	
  2.1450102e+000	
  2.1395703e+000	
  2.1336364e+000	
  2.1272088e+000	
  2.1202875e+000	
  2.1128731e+000	
  2.1049660e+000	
  2.0965667e+000	
  2.0876760e+000	
  2.0782946e+000	
  2.0684235e+000	
  2.0580637e+000	
  2.0472163e+000	
  2.0358827e+000	
  2.0240642e+000	
  2.0117622e+000	
  1.9989783e+000	
  1.9857143e+000	
  1.9719720e+000	
  1.9577533e+000	
  1.9430603e+000	
  1.9278950e+000	
  1.9122598e+000	
  1.8961571e+000	
  1.8795893e+000	
  1.8625590e+000	
  1.8450689e+000	
  1.8271219e+000	
  1.8087208e+000	
  1.7898688e+000	
  1.7705689e+000	
  1.7508244e+000	
  1.7306387e+000	
  1.7100152e+000	
  1.6889576e+000	
  1.6674694e+000	
  1.6455545e+000	
  1.6232167e+000	
  1.6004601e+000	
  1.5772887e+000	
  1.5537068e+000	
  1.5297187e+000	
  1.5053287e+000	
  1.4805414e+000	
  1.4553614e+000	
  1.4297934e+000	
  1.4038421e+000	
  1.3775125e+000	
  1.3508097e+000	
  1.3237386e+000	
  1.2963044e+000	
  1.2685126e+000	
  1.2403683e+000	
  1.2118772e+000	
  1.1830447e+000	
  1.1538766e+000	
  1.1243785e+000	
  1.0945562e+000	
  1.0644158e+000	
  1.0339632e+000	
  1.0032044e+000	
  9.7214566e-001	
  9.4079322e-001	
  9.0915342e-001	
  8.7723265e-001	
  8.4503740e-001	
  8.1257425e-001	
  7.7984984e-001	
  7.4687088e-001	
  7.1364417e-001	
  6.8017657e-001	
  6.4647501e-001	
  6.1254651e-001	
  5.7839812e-001	
  5.4403699e-001	
  5.0947033e-001	
  4.7470539e-001	
  4.3974951e-001	
  4.0461009e-001	
  3.6929456e-001	
  3.3381044e-001	
  2.9816528e-001	
  2.6236672e-001	
  2.2642241e-001	
  1.9034009e-001	
  1.5412751e-001	
  1.1779251e-001	
  8.1342954e-002	
  4.4786747e-002	
  8.1318478e-003	
 -2.8613747e-002	
 -6.5442000e-002	
 -1.0234484e-001	
 -1.3931415e-001	
 -1.7634178e-001	
 -2.1341956e-001	
 -2.5053928e-001	
 -2.8769269e-001	
 -3.2487153e-001	
 -3.6206750e-001	
 -3.9927229e-001	
 -4.3647755e-001	
 -4.7367493e-001	
 -5.1085604e-001	
 -5.4801249e-001	
 -5.8513586e-001	
 -6.2221774e-001	
 -6.5924968e-001	
 -6.9622324e-001	
 -7.3312997e-001	
 -7.6996140e-001	
 -8.0670908e-001	
 -8.4336454e-001	
 -8.7991931e-001	
 -9.1636493e-001	
 -9.5269294e-001	
 -9.8889489e-001	
 -1.0249623e+000	
 -1.0608868e+000	
 -1.0966600e+000	
 -1.1322733e+000	
 -1.1677185e+000	
 -1.2029871e+000	
 -1.2380708e+000	
 -1.2729612e+000	
 -1.3076500e+000	
 -1.3421290e+000	
 -1.3763899e+000	
 -1.4104243e+000	
 -1.4442242e+000	
 -1.4777814e+000	
 -1.5110877e+000	
 -1.5441349e+000	
 -1.5769151e+000	
 -1.6094203e+000	
 -1.6416424e+000	
 -1.6735734e+000	
 -1.7052056e+000	
 -1.7365311e+000	
 -1.7675420e+000	
 -1.7982306e+000	
 -1.8285893e+000	
 -1.8586104e+000	
 -1.8882863e+000	
 -1.9176094e+000	
 -1.9465725e+000	
 -1.9751680e+000	
 -2.0033886e+000	
 -2.0312271e+000	
 -2.0586762e+000	
 -2.0857288e+000	
 -2.1123779e+000	
 -2.1386165e+000	
 -2.1644377e+000	
 -2.1898347e+000	
 -2.2148006e+000	
 -2.2393289e+000	
 -2.2634129e+000	
 -2.2870462e+000	
 -2.3102222e+000	
 -2.3329348e+000	
 -2.3551776e+000	
 -2.3769444e+000	
 -2.3982293e+000	
 -2.4190262e+000	
 -2.4393293e+000	
 -2.4591328e+000	
 -2.4784310e+000	
 -2.4972183e+000	
 -2.5154893e+000	
 -2.5332386e+000	
 -2.5504608e+000	
 -2.5671509e+000	
 -2.5833038e+000	
 -2.5989145e+000	
 -2.6139782e+000	
 -2.6284902e+000	
 -2.6424457e+000	
 -2.6558404e+000	
 -2.6686699e+000	
 -2.6809298e+000	
 -2.6926160e+000	
 -2.7037245e+000	
 -2.7142513e+000	
 -2.7241927e+000	
 -2.7335450e+000	
 -2.7423046e+000	
 -2.7504681e+000	
 -2.7580322e+000	
 -2.7649938e+000	
 -2.7713497e+000	
 -2.7770971e+000	
 -2.7822332e+000	
 -2.7867553e+000	
 -2.7906610e+000	
 -2.7939477e+000	
 -2.7966133e+000	
 -2.7986556e+000	
 -2.8000726e+000	
 -2.8008625e+000	
 -2.8010236e+000	
 -2.8005542e+000	
 -2.7994530e+000	
 -2.7977186e+000	
 -2.7953498e+000	
 -2.7923458e+000	
 -2.7887054e+000	
 -2.7844281e+000	
 -2.7795132e+000	
 -2.7739602e+000	
 -2.7677689e+000	
 -2.7609390e+000	
 -2.7534705e+000	
 -2.7453636e+000	
 -2.7366184e+000	
 -2.7272355e+000	
 -2.7172152e+000	
 -2.7065584e+000	
 -2.6952659e+000	
 -2.6833386e+000	
 -2.6707776e+000	
 -2.6575843e+000	
 -2.6437600e+000	
 -2.6293063e+000	
 -2.6142249e+000	
 -2.5985177e+000	
 -2.5821866e+000	
 -2.5652339e+000	
 -2.5476617e+000	
 -2.5294725e+000	
 -2.5106690e+000	
 -2.4912537e+000	
 -2.4712296e+000	
 -2.4505998e+000	
 -2.4293672e+000	
 -2.4075354e+000	
 -2.3851076e+000	
 -2.3620875e+000	
 -2.3384787e+000	
 -2.3142853e+000	
 -2.2895111e+000	
 -2.2641603e+000	
 -2.2382372e+000	
 -2.2117463e+000	
 -2.1846920e+000	
 -2.1570792e+000	
 -2.1289126e+000	
 -2.1001973e+000	
 -2.0709383e+000	
 -2.0411408e+000	
 -2.0108104e+000	
 -1.9799524e+000	
 -1.9485726e+000	
 -1.9166768e+000	
 -1.8842707e+000	
 -1.8513605e+000	
 -1.8179524e+000	
 -1.7840526e+000	
 -1.7496676e+000	
 -1.7148039e+000	
 -1.6794682e+000	
 -1.6436673e+000	
 -1.6074080e+000	
 -1.5706975e+000	
 -1.5335429e+000	
 -1.4959514e+000	
 -1.4579305e+000	
 -1.4194877e+000	
 -1.3806305e+000	
 -1.3413667e+000	
 -1.3017042e+000	
 -1.2616508e+000	
 -1.2212147e+000	
 -1.1804040e+000	
 -1.1392270e+000	
 -1.0976921e+000	
 -1.0558077e+000	
 -1.0135824e+000	
 -9.7102480e-001	
 -9.2814378e-001	
 -8.8494815e-001	
 -8.4144687e-001	
 -7.9764898e-001	
 -7.5356361e-001	
 -7.0919999e-001	
 -6.6456741e-001	
 -6.1967528e-001	
 -5.7453306e-001	
 -5.2915031e-001	
 -4.8353664e-001	
 -4.3770177e-001	
 -3.9165547e-001	
 -3.4540760e-001	
 -2.9896808e-001	
 -2.5234688e-001	
 -2.0555407e-001	
 -1.5859976e-001	
 -1.1149413e-001	
 -6.4247420e-002	
 -1.6869917e-002	
  3.0628026e-002	
  7.8236009e-002	
  1.2594358e-001	
  1.7374023e-001	
  2.2161543e-001	
  2.6955857e-001	
  3.1755904e-001	
  3.6560615e-001	
  4.1368920e-001	
  4.6179745e-001	
  5.0992012e-001	
  5.5804641e-001	
  6.0616549e-001	
  6.5426651e-001	
  7.0233857e-001	
  7.5037079e-001	
  7.9835224e-001	
  8.4627200e-001	
  8.9411911e-001	
  9.4188263e-001	
  9.8955158e-001	
  1.0371150e+000	
  1.0845619e+000	
  1.1318813e+000	
  1.1790623e+000	
  1.2260938e+000	
  1.2729650e+000	
  1.3196648e+000	
  1.3661823e+000	
  1.4125067e+000	
  1.4586269e+000	
  1.5045321e+000	
  1.5502115e+000	
  1.5956541e+000	
  1.6408491e+000	
  1.6857859e+000	
  1.7304536e+000	
  1.7748414e+000	
  1.8189388e+000	
  1.8627350e+000	
  1.9062195e+000	
  1.9493816e+000	
  1.9922110e+000	
  2.0346970e+000	
  2.0768294e+000	
  2.1185977e+000	
  2.1599917e+000	
  2.2010010e+000	
  2.2416156e+000	
  2.2818252e+000	
  2.3216200e+000	
  2.3609897e+000	
  2.3999247e+000	
  2.4384150e+000	
  2.4764508e+000	
  2.5140225e+000	
  2.5511205e+000	
  2.5877353e+000	
  2.6238574e+000	
  2.6594775e+000	
  2.6945864e+000	
  2.7291748e+000	
  2.7632338e+000	
  2.7967543e+000	
  2.8297275e+000	
  2.8621447e+000	
  2.8939971e+000	
  2.9252762e+000	
  2.9559736e+000	
  2.9860809e+000	
  3.0155900e+000	
  3.0444926e+000	
  3.0727809e+000	
  3.1004469e+000	
  3.1274830e+000	
  3.1538814e+000	
  3.1796347e+000	
  3.2047355e+000	
  3.2291765e+000	
  3.2529508e+000	
  3.2760512e+000	
  3.2984709e+000	
  3.3202033e+000	
  3.3412418e+000	
  3.3615799e+000	
  3.3812114e+000	
  3.4001301e+000	
  3.4183300e+000	
  3.4358054e+000	
  3.4525504e+000	
  3.4685597e+000	
  3.4838277e+000	
  3.4983492e+000	
  3.5121192e+000	
  3.5251327e+000	
  3.5373851e+000	
  3.5488716e+000	
  3.5595878e+000	
  3.5695296e+000	
  3.5786926e+000	
  3.5870731e+000	
  3.5946672e+000	
  3.6014714e+000	
  3.6074821e+000	
  3.6126961e+000	
  3.6171104e+000	
  3.6207219e+000	
  3.6235280e+000	
  3.6255260e+000	
  3.6267137e+000	
  3.6270886e+000	
  3.6266489e+000	
  3.6253926e+000	
  3.6233181e+000	
  3.6204239e+000	
  3.6167085e+000	
  3.6121710e+000	
  3.6068103e+000	
  3.6006257e+000	
  3.5936165e+000	
  3.5857824e+000	
  3.5771231e+000	
  3.5676386e+000	
  3.5573291e+000	
  3.5461948e+000	
  3.5342364e+000	
  3.5214545e+000	
  3.5078500e+000	
  3.4934240e+000	
  3.4781778e+000	
  3.4621127e+000	
  3.4452306e+000	
  3.4275331e+000	
  3.4090224e+000	
  3.3897006e+000	
  3.3695701e+000	
  3.3486335e+000	
  3.3268936e+000	
  3.3043533e+000	
  3.2810158e+000	
  3.2568844e+000	
  3.2319627e+000	
  3.2062542e+000	
  3.1797630e+000	
  3.1524930e+000	
  3.1244486e+000	
  3.0956341e+000	
  3.0660543e+000	
  3.0357138e+000	
  3.0046178e+000	
  2.9727713e+000	
  2.9401797e+000	
  2.9068486e+000	
  2.8727836e+000	
  2.8379906e+000	
  2.8024757e+000	
  2.7662451e+000	
  2.7293053e+000	
  2.6916629e+000	
  2.6533245e+000	
  2.6142971e+000	
  2.5745879e+000	
  2.5342041e+000	
  2.4931531e+000	
  2.4514426e+000	
  2.4090803e+000	
  2.3660741e+000	
  2.3224322e+000	
  2.2781629e+000	
  2.2332745e+000	
  2.1877756e+000	
  2.1416750e+000	
  2.0949816e+000	
  2.0477044e+000	
  1.9998526e+000	
  1.9514356e+000	
  1.9024628e+000	
  1.8529440e+000	
  1.8028889e+000	
  1.7523074e+000	
  1.7012097e+000	
  1.6496059e+000	
  1.5975064e+000	
  1.5449217e+000	
  1.4918624e+000	
  1.4383393e+000	
  1.3843633e+000	
  1.3299454e+000	
  1.2750967e+000	
  1.2198284e+000	
  1.1641521e+000	
  1.1080792e+000	
  1.0516213e+000	
  9.9479010e-001	
  9.3759753e-001	
  8.8005552e-001	
  8.2217613e-001	
  7.6397154e-001	
  7.0545402e-001	
  6.4663595e-001	
  5.8752980e-001	
  5.2814813e-001	
  4.6850362e-001	
  4.0860900e-001	
  3.4847711e-001	
  2.8812088e-001	
  2.2755332e-001	
  1.6678749e-001	
  1.0583657e-001	
  4.4713787e-002	
 -1.6567553e-002	
 -7.7994079e-002	
 -1.3955235e-001	
 -2.0122887e-001	
 -2.6301006e-001	
 -3.2488233e-001	
 -3.8683199e-001	
 -4.4884532e-001	
 -5.1090855e-001	
 -5.7300786e-001	
 -6.3512940e-001	
 -6.9725926e-001	
 -7.5938352e-001	
 -8.2148821e-001	
 -8.8355932e-001	
 -9.4558284e-001	
 -1.0075447e+000	
 -1.0694309e+000	
 -1.1312272e+000	
 -1.1929197e+000	
 -1.2544942e+000	
 -1.3159365e+000	
 -1.3772325e+000	
 -1.4383682e+000	
 -1.4993293e+000	
 -1.5601019e+000	
 -1.6206716e+000	
 -1.6810245e+000	
 -1.7411464e+000	
 -1.8010233e+000	
 -1.8606411e+000	
 -1.9199858e+000	
 -1.9790434e+000	
 -2.0377999e+000	
 -2.0962413e+000	
 -2.1543538e+000	
 -2.2121235e+000	
 -2.2695366e+000	
 -2.3265793e+000	
 -2.3832378e+000	
 -2.4394985e+000	
 -2.4953478e+000	
 -2.5507721e+000	
 -2.6057578e+000	
 -2.6602917e+000	
 -2.7143602e+000	
 -2.7679502e+000	
 -2.8210484e+000	
 -2.8736416e+000	
 -2.9257167e+000	
 -2.9772609e+000	
 -3.0282612e+000	
 -3.0787048e+000	
 -3.1285791e+000	
 -3.1778713e+000	
 -3.2265690e+000	
 -3.2746598e+000	
 -3.3221313e+000	
 -3.3689715e+000	
 -3.4151681e+000	
 -3.4607093e+000	
 -3.5055832e+000	
 -3.5497780e+000	
 -3.5932822e+000	
 -3.6360842e+000	
 -3.6781728e+000	
 -3.7195367e+000	
 -3.7601648e+000	
 -3.8000461e+000	
 -3.8391700e+000	
 -3.8775257e+000	
 -3.9151026e+000	
 -3.9518905e+000	
 -3.9878792e+000	
 -4.0230585e+000	
 -4.0574186e+000	
 -4.0909497e+000	
 -4.1236423e+000	
 -4.1554869e+000	
 -4.1864742e+000	
 -4.2165953e+000	
 -4.2458412e+000	
 -4.2742032e+000	
 -4.3016727e+000	
 -4.3282414e+000	
 -4.3539010e+000	
 -4.3786436e+000	
 -4.4024613e+000	
 -4.4253465e+000	
 -4.4472918e+000	
 -4.4682899e+000	
 -4.4883337e+000	
 -4.5074165e+000	
 -4.5255315e+000	
 -4.5426723e+000	
 -4.5588326e+000	
 -4.5740065e+000	
 -4.5881879e+000	
 -4.6013715e+000	
 -4.6135516e+000	
 -4.6247231e+000	
 -4.6348810e+000	
 -4.6440205e+000	
 -4.6521371e+000	
 -4.6592264e+000	
 -4.6652842e+000	
 -4.6703068e+000	
 -4.6742904e+000	
 -4.6772315e+000	
 -4.6791270e+000	
 -4.6799738e+000	
 -4.6797692e+000	
 -4.6785106e+000	
 -4.6761957e+000	
 -4.6728225e+000	
 -4.6683890e+000	
 -4.6628937e+000	
 -4.6563352e+000	
 -4.6487124e+000	
 -4.6400243e+000	
 -4.6302703e+000	
 -4.6194499e+000	
 -4.6075630e+000	
 -4.5946097e+000	
 -4.5805901e+000	
 -4.5655049e+000	
 -4.5493548e+000	
 -4.5321408e+000	
 -4.5138642e+000	
 -4.4945264e+000	
 -4.4741293e+000	
 -4.4526747e+000	
 -4.4301650e+000	
 -4.4066026e+000	
 -4.3819901e+000	
 -4.3563306e+000	
 -4.3296273e+000	
 -4.3018836e+000	
 -4.2731031e+000	
 -4.2432898e+000	
 -4.2124479e+000	
 -4.1805817e+000	
 -4.1476960e+000	
 -4.1137956e+000	
 -4.0788856e+000	
 -4.0429715e+000	
 -4.0060588e+000	
 -3.9681534e+000	
 -3.9292613e+000	
 -3.8893889e+000	
 -3.8485428e+000	
 -3.8067297e+000	
 -3.7639567e+000	
 -3.7202310e+000	
 -3.6755602e+000	
 -3.6299520e+000	
 -3.5834143e+000	
 -3.5359553e+000	
 -3.4875834e+000	
 -3.4383073e+000	
 -3.3881358e+000	
 -3.3370781e+000	
 -3.2851434e+000	
 -3.2323413e+000	
 -3.1786815e+000	
 -3.1241740e+000	
 -3.0688290e+000	
 -3.0126568e+000	
 -2.9556682e+000	
 -2.8978738e+000	
 -2.8392848e+000	
 -2.7799123e+000	
 -2.7197679e+000	
 -2.6588631e+000	
 -2.5972098e+000	
 -2.5348200e+000	
 -2.4717060e+000	
 -2.4078802e+000	
 -2.3433552e+000	
 -2.2781438e+000	
 -2.2122590e+000	
 -2.1457141e+000	
 -2.0785223e+000	
 -2.0106971e+000	
 -1.9422524e+000	
 -1.8732020e+000	
 -1.8035599e+000	
 -1.7333405e+000	
 -1.6625580e+000	
 -1.5912270e+000	
 -1.5193623e+000	
 -1.4469787e+000	
 -1.3740913e+000	
 -1.3007151e+000	
 -1.2268657e+000	
 -1.1525583e+000	
 -1.0778087e+000	
 -1.0026326e+000	
 -9.2704577e-001	
 -8.5106437e-001	
 -7.7470450e-001	
 -6.9798242e-001	
 -6.2091453e-001	
 -5.4351735e-001	
 -4.6580749e-001	
 -3.8780170e-001	
 -3.0951683e-001	
 -2.3096982e-001	
 -1.5217773e-001	
 -7.3157713e-002	
  6.0729875e-003	
  8.5497036e-002	
  1.6509701e-001	
  2.4485540e-001	
  3.2475463e-001	
  4.0477704e-001	
  4.8490489e-001	
  5.6512038e-001	
  6.4540565e-001	
  7.2574277e-001	
  8.0611377e-001	
  8.8650061e-001	
  9.6688521e-001	
  1.0472494e+000	
  1.1275751e+000	
  1.2078441e+000	
  1.2880381e+000	
  1.3681388e+000	
  1.4481280e+000	
  1.5279874e+000	
  1.6076986e+000	
  1.6872433e+000	
  1.7666031e+000	
  1.8457598e+000	
  1.9246948e+000	
  2.0033900e+000	
  2.0818270e+000	
  2.1599873e+000	
  2.2378528e+000	
  2.3154052e+000	
  2.3926261e+000	
  2.4694973e+000	
  2.5460007e+000	
  2.6221180e+000	
  2.6978312e+000	
  2.7731221e+000	
  2.8479728e+000	
  2.9223653e+000	
  2.9962817e+000	
  3.0697040e+000	
  3.1426146e+000	
  3.2149957e+000	
  3.2868296e+000	
  3.3580989e+000	
  3.4287860e+000	
  3.4988736e+000	
  3.5683444e+000	
  3.6371811e+000	
  3.7053667e+000	
  3.7728842e+000	
  3.8397167e+000	
  3.9058474e+000	
  3.9712597e+000	
  4.0359370e+000	
  4.0998630e+000	
  4.1630213e+000	
  4.2253959e+000	
  4.2869706e+000	
  4.3477297e+000	
  4.4076574e+000	
  4.4667381e+000	
  4.5249565e+000	
  4.5822972e+000	
  4.6387452e+000	
  4.6942855e+000	
  4.7489033e+000	
  4.8025842e+000	
  4.8553135e+000	
  4.9070772e+000	
  4.9578612e+000	
  5.0076515e+000	
  5.0564345e+000	
  5.1041968e+000	
  5.1509250e+000	
  5.1966061e+000	
  5.2412272e+000	
  5.2847757e+000	
  5.3272390e+000	
  5.3686050e+000	
  5.4088616e+000	
  5.4479970e+000	
  5.4859998e+000	
  5.5228585e+000	
  5.5585620e+000	
  5.5930995e+000	
  5.6264603e+000	
  5.6586341e+000	
  5.6896108e+000	
  5.7193803e+000	
  5.7479332e+000	
  5.7752600e+000	
  5.8013515e+000	
  5.8261990e+000	
  5.8497937e+000	
  5.8721274e+000	
  5.8931920e+000	
  5.9129797e+000	
  5.9314830e+000	
  5.9486946e+000	
  5.9646075e+000	
  5.9792150e+000	
  5.9925108e+000	
  6.0044887e+000	
  6.0151428e+000	
  6.0244676e+000	
  6.0324579e+000	
  6.0391086e+000	
  6.0444151e+000	
  6.0483731e+000	
  6.0509784e+000	
  6.0522272e+000	
  6.0521161e+000	
  6.0506419e+000	
  6.0478018e+000	
  6.0435931e+000	
  6.0380135e+000	
  6.0310613e+000	
  6.0227346e+000	
  6.0130321e+000	
  6.0019529e+000	
  5.9894962e+000	
  5.9756615e+000	
  5.9604489e+000	
  5.9438585e+000	
  5.9258909e+000	
  5.9065469e+000	
  5.8858276e+000	
  5.8637346e+000	
  5.8402696e+000	
  5.8154347e+000	
  5.7892324e+000	
  5.7616653e+000	
  5.7327366e+000	
  5.7024496e+000	
  5.6708079e+000	
  5.6378155e+000	
  5.6034768e+000	
  5.5677963e+000	
  5.5307790e+000	
  5.4924300e+000	
  5.4527550e+000	
  5.4117597e+000	
  5.3694503e+000	
  5.3258334e+000	
  5.2809155e+000	
  5.2347039e+000	
  5.1872059e+000	
  5.1384291e+000	
  5.0883816e+000	
  5.0370716e+000	
  4.9845077e+000	
  4.9306987e+000	
  4.8756538e+000	
  4.8193826e+000	
  4.7618946e+000	
  4.7032000e+000	
  4.6433091e+000	
  4.5822326e+000	
  4.5199812e+000	
  4.4565662e+000	
  4.3919991e+000	
  4.3262916e+000	
  4.2594557e+000	
  4.1915037e+000	
  4.1224482e+000	
  4.0523020e+000	
  3.9810783e+000	
  3.9087904e+000	
  3.8354519e+000	
  3.7610769e+000	
  3.6856793e+000	
  3.6092737e+000	
  3.5318748e+000	
  3.4534974e+000	
  3.3741568e+000	
  3.2938683e+000	
  3.2126477e+000	
  3.1305109e+000	
  3.0474741e+000	
  2.9635536e+000	
  2.8787660e+000	
  2.7931283e+000	
  2.7066576e+000	
  2.6193711e+000	
  2.5312864e+000	
  2.4424212e+000	
  2.3527936e+000	
  2.2624217e+000	
  2.1713239e+000	
  2.0795189e+000	
  1.9870255e+000	
  1.8938626e+000	
  1.8000494e+000	
  1.7056055e+000	
  1.6105503e+000	
  1.5149037e+000	
  1.4186856e+000	
  1.3219161e+000	
  1.2246155e+000	
  1.1268044e+000	
  1.0285033e+000	
  9.2973315e-001	
  8.3051482e-001	
  7.3086944e-001	
  6.3081829e-001	
  5.3038277e-001	
  4.2958444e-001	
  3.2844499e-001	
  2.2698624e-001	
  1.2523012e-001	
  2.3198721e-002	
 -7.9085782e-002	
 -1.8160109e-001	
 -2.8432478e-001	
 -3.8723436e-001	
 -4.9030721e-001	
 -5.9352062e-001	
 -6.9685181e-001	
 -8.0027788e-001	
 -9.0377589e-001	
 -1.0073228e+000	
 -1.1108955e+000	
 -1.2144708e+000	
 -1.3180256e+000	
 -1.4215364e+000	
 -1.5249801e+000	
 -1.6283332e+000	
 -1.7315722e+000	
 -1.8346739e+000	
 -1.9376146e+000	
 -2.0403710e+000	
 -2.1429194e+000	
 -2.2452363e+000	
 -2.3472983e+000	
 -2.4490817e+000	
 -2.5505631e+000	
 -2.6517188e+000	
 -2.7525255e+000	
 -2.8529596e+000	
 -2.9529977e+000	
 -3.0526162e+000	
 -3.1517918e+000	
 -3.2505012e+000	
 -3.3487210e+000	
 -3.4464279e+000	
 -3.5435988e+000	
 -3.6402105e+000	
 -3.7362399e+000	
 -3.8316641e+000	
 -3.9264600e+000	
 -4.0206049e+000	
 -4.1140760e+000	
 -4.2068506e+000	
 -4.2989062e+000	
 -4.3902204e+000	
 -4.4807707e+000	
 -4.5705350e+000	
 -4.6594911e+000	
 -4.7476171e+000	
 -4.8348911e+000	
 -4.9212914e+000	
 -5.0067965e+000	
 -5.0913849e+000	
 -5.1750353e+000	
 -5.2577267e+000	
 -5.3394381e+000	
 -5.4201486e+000	
 -5.4998378e+000	
 -5.5784852e+000	
 -5.6560705e+000	
 -5.7325737e+000	
 -5.8079749e+000	
 -5.8822544e+000	
 -5.9553929e+000	
 -6.0273709e+000	
 -6.0981696e+000	
 -6.1677700e+000	
 -6.2361536e+000	
 -6.3033020e+000	
 -6.3691970e+000	
 -6.4338209e+000	
 -6.4971558e+000	
 -6.5591843e+000	
 -6.6198894e+000	
 -6.6792541e+000	
 -6.7372617e+000	
 -6.7938959e+000	
 -6.8491405e+000	
 -6.9029797e+000	
 -6.9553979e+000	
 -7.0063799e+000	
 -7.0559106e+000	
 -7.1039753e+000	
 -7.1505596e+000	
 -7.1956493e+000	
 -7.2392307e+000	
 -7.2812903e+000	
 -7.3218147e+000	
 -7.3607911e+000	
 -7.3982070e+000	
 -7.4340500e+000	
 -7.4683083e+000	
 -7.5009702e+000	
 -7.5320245e+000	
 -7.5614601e+000	
 -7.5892665e+000	
 -7.6154334e+000	
 -7.6399509e+000	
 -7.6628094e+000	
 -7.6839997e+000	
 -7.7035129e+000	
 -7.7213404e+000	
 -7.7374742e+000	
 -7.7519063e+000	
 -7.7646294e+000	
 -7.7756364e+000	
 -7.7849205e+000	
 -7.7924755e+000	
 -7.7982954e+000	
 -7.8023746e+000	
 -7.8047078e+000	
 -7.8052903e+000	
 -7.8041176e+000	
 -7.8011856e+000	
 -7.7964907e+000	
 -7.7900296e+000	
 -7.7817994e+000	
 -7.7717975e+000	
 -7.7600218e+000	
 -7.7464707e+000	
 -7.7311427e+000	
 -7.7140371e+000	
 -7.6951531e+000	
 -7.6744907e+000	
 -7.6520502e+000	
 -7.6278322e+000	
 -7.6018378e+000	
 -7.5740685e+000	
 -7.5445260e+000	
 -7.5132128e+000	
 -7.4801314e+000	
 -7.4452851e+000	
 -7.4086771e+000	
 -7.3703116e+000	
 -7.3301926e+000	
 -7.2883250e+000	
 -7.2447139e+000	
 -7.1993648e+000	
 -7.1522835e+000	
 -7.1034765e+000	
 -7.0529505e+000	
 -7.0007125e+000	
 -6.9467701e+000	
 -6.8911313e+000	
 -6.8338044e+000	
 -6.7747981e+000	
 -6.7141216e+000	
 -6.6517844e+000	
 -6.5877964e+000	
 -6.5221680e+000	
 -6.4549099e+000	
 -6.3860332e+000	
 -6.3155495e+000	
 -6.2434706e+000	
 -6.1698089e+000	
 -6.0945769e+000	
 -6.0177878e+000	
 -5.9394550e+000	
 -5.8595924e+000	
 -5.7782140e+000	
 -5.6953347e+000	
 -5.6109692e+000	
 -5.5251329e+000	
 -5.4378415e+000	
 -5.3491111e+000	
 -5.2589580e+000	
 -5.1673992e+000	
 -5.0744517e+000	
 -4.9801330e+000	
 -4.8844610e+000	
 -4.7874539e+000	
 -4.6891302e+000	
 -4.5895089e+000	
 -4.4886091e+000	
 -4.3864505e+000	
 -4.2830529e+000	
 -4.1784365e+000	
 -4.0726220e+000	
 -3.9656302e+000	
 -3.8574822e+000	
 -3.7481996e+000	
 -3.6378042e+000	
 -3.5263181e+000	
 -3.4137637e+000	
 -3.3001638e+000	
 -3.1855414e+000	
 -3.0699196e+000	
 -2.9533223e+000	
 -2.8357731e+000	
 -2.7172962e+000	
 -2.5979161e+000	
 -2.4776573e+000	
 -2.3565449e+000	
 -2.2346040e+000	
 -2.1118600e+000	
 -1.9883386e+000	
 -1.8640657e+000	
 -1.7390674e+000	
 -1.6133703e+000	
 -1.4870007e+000	
 -1.3599857e+000	
 -1.2323521e+000	
 -1.1041273e+000	
 -9.7533861e-001	
 -8.4601379e-001	
 -7.1618062e-001	
 -5.8586711e-001	
 -4.5510146e-001	
 -3.2391204e-001	
 -1.9232737e-001	
 -6.0376157e-002	
  7.1912752e-002	
  2.0451036e-001	
  3.3738752e-001	
  4.7051496e-001	
  6.0386326e-001	
  7.3740288e-001	
  8.7110419e-001	
  1.0049374e+000	
  1.1388727e+000	
  1.2728800e+000	
  1.4069293e+000	
  1.5409905e+000	
  1.6750333e+000	
  1.8090274e+000	
  1.9429424e+000	
  2.0767480e+000	
  2.2104136e+000	
  2.3439088e+000	
  2.4772028e+000	
  2.6102652e+000	
  2.7430652e+000	
  2.8755723e+000	
  3.0077557e+000	
  3.1395849e+000	
  3.2710290e+000	
  3.4020575e+000	
  3.5326397e+000	
  3.6627449e+000	
  3.7923425e+000	
  3.9214021e+000	
  4.0498929e+000	
  4.1777847e+000	
  4.3050468e+000	
  4.4316489e+000	
  4.5575608e+000	
  4.6827522e+000	
  4.8071929e+000	
  4.9308529e+000	
  5.0537023e+000	
  5.1757111e+000	
  5.2968495e+000	
  5.4170881e+000	
  5.5363971e+000	
  5.6547473e+000	
  5.7721094e+000	
  5.8884543e+000	
  6.0037529e+000	
  6.1179766e+000	
  6.2310966e+000	
  6.3430844e+000	
  6.4539118e+000	
  6.5635506e+000	
  6.6719729e+000	
  6.7791509e+000	
  6.8850571e+000	
  6.9896642e+000	
  7.0929451e+000	
  7.1948728e+000	
  7.2954207e+000	
  7.3945623e+000	
  7.4922714e+000	
  7.5885221e+000	
  7.6832887e+000	
  7.7765457e+000	
  7.8682680e+000	
  7.9584306e+000	
  8.0470089e+000	
  8.1339785e+000	
  8.2193154e+000	
  8.3029959e+000	
  8.3849964e+000	
  8.4652937e+000	
  8.5438652e+000	
  8.6206881e+000	
  8.6957403e+000	
  8.7690000e+000	
  8.8404456e+000	
  8.9100559e+000	
  8.9778100e+000	
  9.0436876e+000	
  9.1076684e+000	
  9.1697327e+000	
  9.2298611e+000	
  9.2880345e+000	
  9.3442345e+000	
  9.3984427e+000	
  9.4506414e+000	
  9.5008130e+000	
  9.5489406e+000	
  9.5950076e+000	
  9.6389978e+000	
  9.6808955e+000	
  9.7206853e+000	
  9.7583523e+000	
  9.7938823e+000	
  9.8272611e+000	
  9.8584753e+000	
  9.8875120e+000	
  9.9143584e+000	
  9.9390027e+000	
  9.9614331e+000	
  9.9816387e+000	
  9.9996089e+000	
  1.0015334e+001	
  1.0028803e+001	
  1.0040009e+001	
  1.0048942e+001	
  1.0055595e+001	
  1.0059960e+001	
  1.0062031e+001	
  1.0061801e+001	
  1.0059264e+001	
  1.0054416e+001	
  1.0047252e+001	
  1.0037769e+001	
  1.0025962e+001	
  1.0011829e+001	
  9.9953691e+000	
  9.9765796e+000	
  9.9554602e+000	
  9.9320106e+000	
  9.9062315e+000	
  9.8781239e+000	
  9.8476898e+000	
  9.8149315e+000	
  9.7798521e+000	
  9.7424556e+000	
  9.7027463e+000	
  9.6607294e+000	
  9.6164107e+000	
  9.5697965e+000	
  9.5208942e+000	
  9.4697113e+000	
  9.4162565e+000	
  9.3605387e+000	
  9.3025677e+000	
  9.2423540e+000	
  9.1799084e+000	
  9.1152427e+000	
  9.0483691e+000	
  8.9793005e+000	
  8.9080503e+000	
  8.8346325e+000	
  8.7590617e+000	
  8.6813531e+000	
  8.6015223e+000	
  8.5195855e+000	
  8.4355593e+000	
  8.3494610e+000	
  8.2613081e+000	
  8.1711188e+000	
  8.0789114e+000	
  7.9847050e+000	
  7.8885187e+000	
  7.7903723e+000	
  7.6902858e+000	
  7.5882795e+000	
  7.4843741e+000	
  7.3785906e+000	
  7.2709503e+000	
  7.1614746e+000	
  7.0501854e+000	
  6.9371047e+000	
  6.8222550e+000	
  6.7056586e+000	
  6.5873384e+000	
  6.4673173e+000	
  6.3456186e+000	
  6.2222656e+000	
  6.0972821e+000	
  5.9706917e+000	
  5.8425187e+000	
  5.7127873e+000	
  5.5815219e+000	
  5.4487473e+000	
  5.3144885e+000	
  5.1787706e+000	
  5.0416191e+000	
  4.9030597e+000	
  4.7631183e+000	
  4.6218212e+000	
  4.4791949e+000	
  4.3352661e+000	
  4.1900620e+000	
  4.0436100e+000	
  3.8959378e+000	
  3.7470735e+000	
  3.5970453e+000	
  3.4458822e+000	
  3.2936130e+000	
  3.1402672e+000	
  2.9858745e+000	
  2.8304650e+000	
  2.6740693e+000	
  2.5167180e+000	
  2.3584425e+000	
  2.1992740e+000	
  2.0392447e+000	
  1.8783866e+000	
  1.7167323e+000	
  1.5543147e+000	
  1.3911670e+000	
  1.2273228e+000	
  1.0628159e+000	
  8.9768059e-001	
  7.3195123e-001	
  5.6566264e-001	
  3.9884984e-001	
  2.3154818e-001	
  6.3793215e-002	
 -1.0437921e-001	
 -2.7293302e-001	
 -4.4183191e-001	
 -6.1103937e-001	
 -7.8051866e-001	
 -9.5023287e-001	
 -1.1201449e+000	
 -1.2902174e+000	
 -1.4604129e+000	
 -1.6306940e+000	
 -1.8010227e+000	
 -1.9713613e+000	
 -2.1416716e+000	
 -2.3119158e+000	
 -2.4820554e+000	
 -2.6520523e+000	
 -2.8218679e+000	
 -2.9914640e+000	
 -3.1608020e+000	
 -3.3298432e+000	
 -3.4985492e+000	
 -3.6668813e+000	
 -3.8348008e+000	
 -4.0022691e+000	
 -4.1692475e+000	
 -4.3356973e+000	
 -4.5015800e+000	
 -4.6668568e+000	
 -4.8314893e+000	
 -4.9954388e+000	
 -5.1586669e+000	
 -5.3211352e+000	
 -5.4828053e+000	
 -5.6436390e+000	
 -5.8035980e+000	
 -5.9626443e+000	
 -6.1207400e+000	
 -6.2778472e+000	
 -6.4339281e+000	
 -6.5889452e+000	
 -6.7428609e+000	
 -6.8956381e+000	
 -7.0472396e+000	
 -7.1976284e+000	
 -7.3467678e+000	
 -7.4946211e+000	
 -7.6411519e+000	
 -7.7863241e+000	
 -7.9301017e+000	
 -8.0724489e+000	
 -8.2133302e+000	
 -8.3527103e+000	
 -8.4905542e+000	
 -8.6268272e+000	
 -8.7614946e+000	
 -8.8945223e+000	
 -9.0258763e+000	
 -9.1555230e+000	
 -9.2834290e+000	
 -9.4095613e+000	
 -9.5338871e+000	
 -9.6563740e+000	
 -9.7769899e+000	
 -9.8957031e+000	
 -1.0012482e+001	
 -1.0127296e+001	
 -1.0240114e+001	
 -1.0350907e+001	
 -1.0459643e+001	
 -1.0566293e+001	
 -1.0670829e+001	
 -1.0773222e+001	
 -1.0873443e+001	
 -1.0971464e+001	
 -1.1067258e+001	
 -1.1160799e+001	
 -1.1252058e+001	
 -1.1341011e+001	
 -1.1427631e+001	
 -1.1511893e+001	
 -1.1593773e+001	
 -1.1673245e+001	
 -1.1750287e+001	
 -1.1824876e+001	
 -1.1896987e+001	
 -1.1966599e+001	
 -1.2033690e+001	
 -1.2098239e+001	
 -1.2160224e+001	
 -1.2219627e+001	
 -1.2276426e+001	
 -1.2330603e+001	
 -1.2382138e+001	
 -1.2431015e+001	
 -1.2477215e+001	
 -1.2520722e+001	
 -1.2561518e+001	
 -1.2599588e+001	
 -1.2634917e+001	
 -1.2667490e+001	
 -1.2697293e+001	
 -1.2724313e+001	
 -1.2748535e+001	
 -1.2769949e+001	
 -1.2788542e+001	
 -1.2804304e+001	
 -1.2817222e+001	
 -1.2827289e+001	
 -1.2834494e+001	
 -1.2838828e+001	
 -1.2840284e+001	
 -1.2838855e+001	
 -1.2834532e+001	
 -1.2827311e+001	
 -1.2817186e+001	
 -1.2804151e+001	
 -1.2788203e+001	
 -1.2769338e+001	
 -1.2747553e+001	
 -1.2722846e+001	
 -1.2695214e+001	
 -1.2664658e+001	
 -1.2631176e+001	
 -1.2594769e+001	
 -1.2555438e+001	
 -1.2513185e+001	
 -1.2468011e+001	
 -1.2419921e+001	
 -1.2368916e+001	
 -1.2315003e+001	
 -1.2258185e+001	
 -1.2198468e+001	
 -1.2135859e+001	
 -1.2070364e+001	
 -1.2001992e+001	
 -1.1930750e+001	
 -1.1856647e+001	
 -1.1779693e+001	
 -1.1699899e+001	
 -1.1617274e+001	
 -1.1531832e+001	
 -1.1443583e+001	
 -1.1352541e+001	
 -1.1258720e+001	
 -1.1162134e+001	
 -1.1062797e+001	
 -1.0960726e+001	
 -1.0855936e+001	
 -1.0748445e+001	
 -1.0638269e+001	
 -1.0525428e+001	
 -1.0409940e+001	
 -1.0291823e+001	
 -1.0171100e+001	
 -1.0047789e+001	
 -9.9219128e+000	
 -9.7934933e+000	
 -9.6625529e+000	
 -9.5291149e+000	
 -9.3932032e+000	
 -9.2548422e+000	
 -9.1140571e+000	
 -8.9708736e+000	
 -8.8253179e+000	
 -8.6774170e+000	
 -8.5271984e+000	
 -8.3746902e+000	
 -8.2199211e+000	
 -8.0629202e+000	
 -7.9037176e+000	
 -7.7423434e+000	
 -7.5788289e+000	
 -7.4132053e+000	
 -7.2455050e+000	
 -7.0757604e+000	
 -6.9040047e+000	
 -6.7302718e+000	
 -6.5545957e+000	
 -6.3770113e+000	
 -6.1975538e+000	
 -6.0162591e+000	
 -5.8331634e+000	
 -5.6483035e+000	
 -5.4617167e+000	
 -5.2734407e+000	
 -5.0835139e+000	
 -4.8919748e+000	
 -4.6988627e+000	
 -4.5042172e+000	
 -4.3080783e+000	
 -4.1104866e+000	
 -3.9114830e+000	
 -3.7111087e+000	
 -3.5094057e+000	
 -3.3064160e+000	
 -3.1021822e+000	
 -2.8967474e+000	
 -2.6901547e+000	
 -2.4824480e+000	
 -2.2736713e+000	
 -2.0638690e+000	
 -1.8530858e+000	
 -1.6413670e+000	
 -1.4287578e+000	
 -1.2153042e+000	
 -1.0010520e+000	
 -7.8604771e-001	
 -5.7033792e-001	
 -3.5396956e-001	
 -1.3698983e-001	
  8.0553824e-002	
  2.9861370e-001	
  5.1714185e-001	
  7.3609009e-001	
  9.5541004e-001	
  1.1750531e+000	
  1.3949704e+000	
  1.6151130e+000	
  1.8354316e+000	
  2.0558770e+000	
  2.2763996e+000	
  2.4969497e+000	
  2.7174776e+000	
  2.9379332e+000	
  3.1582666e+000	
  3.3784274e+000	
  3.5983655e+000	
  3.8180305e+000	
  4.0373719e+000	
  4.2563391e+000	
  4.4748817e+000	
  4.6929489e+000	
  4.9104901e+000	
  5.1274546e+000	
  5.3437915e+000	
  5.5594502e+000	
  5.7743799e+000	
  5.9885298e+000	
  6.2018492e+000	
  6.4142874e+000	
  6.6257936e+000	
  6.8363172e+000	
  7.0458076e+000	
  7.2542142e+000	
  7.4614866e+000	
  7.6675742e+000	
  7.8724269e+000	
  8.0759941e+000	
  8.2782259e+000	
  8.4790720e+000	
  8.6784825e+000	
  8.8764074e+000	
  9.0727970e+000	
  9.2676016e+000	
  9.4607715e+000	
  9.6522572e+000	
  9.8420095e+000	
  1.0029979e+001	
  1.0216116e+001	
  1.0400373e+001	
  1.0582699e+001	
  1.0763046e+001	
  1.0941365e+001	
  1.1117608e+001	
  1.1291725e+001	
  1.1463668e+001	
  1.1633388e+001	
  1.1800836e+001	
  1.1965964e+001	
  1.2128723e+001	
  1.2289063e+001	
  1.2446935e+001	
  1.2602291e+001	
  1.2755081e+001	
  1.2905254e+001	
  1.3052760e+001	
  1.3197550e+001	
  1.3339570e+001	
  1.3478770e+001	
  1.3615097e+001	
  1.3748498e+001	
  1.3878917e+001	
  1.4006300e+001	
  1.4130590e+001	
  1.4251728e+001	
  1.4369655e+001	
  1.4484308e+001	
  1.4595625e+001	
  1.4703539e+001	
  1.4807980e+001	
  1.4908879e+001	
  1.5006158e+001	
  1.5099740e+001	
  1.5189541e+001	
  1.5275475e+001	
  1.5357448e+001	
  1.5435363e+001	
  1.5509114e+001	
  1.5578591e+001	
  1.5643675e+001	
  1.5704238e+001	
  1.5760144e+001	
  1.5811246e+001	
  1.5857387e+001	
  1.5898397e+001	
  1.5934094e+001	
  1.5964280e+001	
  1.5988746e+001	
  1.6007261e+001	
  1.6019581e+001	
  1.6025442e+001	
  1.6024560e+001	
  1.6016630e+001	
  1.6001328e+001	
  1.5978303e+001	
  1.5947187e+001	
  1.5907584e+001	
  1.5859079e+001	
  1.5801232e+001	
  1.5733586e+001	
  1.5655660e+001	
  1.5566960e+001	
  1.5466980e+001	
  1.5355203e+001	
  1.5231113e+001	
  1.5094198e+001	
  1.4943959e+001	
  1.4779923e+001	
  1.4601651e+001	
  1.4408754e+001	
  1.4200906e+001	
  1.3977859e+001	
  1.3739463e+001	
  1.3485678e+001	
  1.3216594e+001	
  1.2932448e+001	
  1.2633635e+001	
  1.2320721e+001	
  1.1994455e+001	
  1.1655768e+001	
  1.1305775e+001	
  1.0945768e+001	
  1.0577201e+001	
  1.0201674e+001	
  9.8209039e+000	
  9.4366961e+000	
  9.0509072e+000	
  8.6654075e+000	
  8.2820404e+000	
  7.9025829e+000	
  7.5287084e+000	
  7.1619529e+000	
  6.8036867e+000	
  6.4550930e+000	
  6.1171529e+000	
  5.7906380e+000	
  5.4761100e+000	
  5.1739271e+000	
  4.8842551e+000	
  4.6070836e+000	
  4.3422454e+000	
  4.0894374e+000	
  3.8482435e+000	
  3.6181560e+000	
  3.3985977e+000	
  3.1889413e+000	
  2.9885277e+000	
  2.7966819e+000	
  2.6127266e+000	
  2.4359938e+000	
  2.2658336e+000	
  2.1016218e+000	
  1.9427652e+000	
  1.7887053e+000	
  1.6389210e+000	
  1.4929293e+000	
  1.3502865e+000	
  1.2105871e+000	
  1.0734630e+000	
  9.3858200e-001	
  8.0564607e-001	
  6.7438935e-001	
  5.4457598e-001	
  4.1599794e-001	
  2.8847284e-001	
  1.6184175e-001	
  3.5967150e-002	
 -8.9269120e-002	
 -2.1396771e-001	
 -3.3821353e-001	
 -4.6207745e-001	
 -5.8561773e-001	
 -7.0888150e-001	
 -8.3190599e-001	
 -9.5471971e-001	
 -1.0773435e+000	
 -1.1997913e+000	
 -1.3220715e+000	
 -1.4441869e+000	
 -1.5661362e+000	
 -1.6879140e+000	
 -1.8095116e+000	
 -1.9309174e+000	
 -2.0521174e+000	
 -2.1730953e+000	
 -2.2938331e+000	
 -2.4143113e+000	
 -2.5345089e+000	
 -2.6544040e+000	
 -2.7739735e+000	
 -2.8931938e+000	
 -3.0120405e+000	
 -3.1304887e+000	
 -3.2485129e+000	
 -3.3660876e+000	
 -3.4831866e+000	
 -3.5997837e+000	
 -3.7158525e+000	
 -3.8313664e+000	
 -3.9462988e+000	
 -4.0606231e+000	
 -4.1743123e+000	
 -4.2873398e+000	
 -4.3996789e+000	
 -4.5113028e+000	
 -4.6221849e+000	
 -4.7322986e+000	
 -4.8416174e+000	
 -4.9501148e+000	
 -5.0577645e+000	
 -5.1645404e+000	
 -5.2704162e+000	
 -5.3753661e+000	
 -5.4793641e+000	
 -5.5823847e+000	
 -5.6844022e+000	
 -5.7853913e+000	
 -5.8853267e+000	
 -5.9841834e+000	
 -6.0819366e+000	
 -6.1785615e+000	
 -6.2740337e+000	
 -6.3683289e+000	
 -6.4614228e+000	
 -6.5532918e+000	
 -6.6439121e+000	
 -6.7332602e+000	
 -6.8213130e+000	
 -6.9080474e+000	
 -6.9934408e+000	
 -7.0774705e+000	
 -7.1601144e+000	
 -7.2413504e+000	
 -7.3211569e+000	
 -7.3995123e+000	
 -7.4763954e+000	
 -7.5517854e+000	
 -7.6256616e+000	
 -7.6980036e+000	
 -7.7687915e+000	
 -7.8380054e+000	
 -7.9056260e+000	
 -7.9716340e+000	
 -8.0360107e+000	
 -8.0987376e+000	
 -8.1597964e+000	
 -8.2191694e+000	
 -8.2768391e+000	
 -8.3327882e+000	
 -8.3869999e+000	
 -8.4394579e+000	
 -8.4901458e+000	
 -8.5390481e+000	
 -8.5861492e+000	
 -8.6314341e+000	
 -8.6748883e+000	
 -8.7164973e+000	
 -8.7562473e+000	
 -8.7941247e+000	
 -8.8301165e+000	
 -8.8642099e+000	
 -8.8963924e+000	
 -8.9266523e+000	
 -8.9549778e+000	
 -8.9813579e+000	
 -9.0057819e+000	
 -9.0282394e+000	
 -9.0487205e+000	
 -9.0672158e+000	
 -9.0837161e+000	
 -9.0982129e+000	
 -9.1106979e+000	
 -9.1211635e+000	
 -9.1296021e+000	
 -9.1360070e+000	
 -9.1403717e+000	
 -9.1426902e+000	
 -9.1429568e+000	
 -9.1411666e+000	
 -9.1373147e+000	
 -9.1313971e+000	
 -9.1234098e+000	
 -9.1133497e+000	
 -9.1012139e+000	
 -9.0869999e+000	
 -9.0707059e+000	
 -9.0523303e+000	
 -9.0318723e+000	
 -9.0093312e+000	
 -8.9847070e+000	
 -8.9580000e+000	
 -8.9292113e+000	
 -8.8983420e+000	
 -8.8653940e+000	
 -8.8303697e+000	
 -8.7932717e+000	
 -8.7541032e+000	
 -8.7128681e+000	
 -8.6695705e+000	
 -8.6242149e+000	
 -8.5768067e+000	
 -8.5273513e+000	
 -8.4758548e+000	
 -8.4223239e+000	
 -8.3667654e+000	
 -8.3091870e+000	
 -8.2495966e+000	
 -8.1880026e+000	
 -8.1244140e+000	
 -8.0588402e+000	
 -7.9912910e+000	
 -7.9217767e+000	
 -7.8503081e+000	
 -7.7768966e+000	
 -7.7015538e+000	
 -7.6242919e+000	
 -7.5451236e+000	
 -7.4640620e+000	
 -7.3811207e+000	
 -7.2963136e+000	
 -7.2096554e+000	
 -7.1211609e+000	
 -7.0308455e+000	
 -6.9387251e+000	
 -6.8448159e+000	
 -6.7491346e+000	
 -6.6516985e+000	
 -6.5525252e+000	
 -6.4516326e+000	
 -6.3490392e+000	
 -6.2447640e+000	
 -6.1388263e+000	
 -6.0312458e+000	
 -5.9220427e+000	
 -5.8112376e+000	
 -5.6988514e+000	
 -5.5849056e+000	
 -5.4694220e+000	
 -5.3524227e+000	
 -5.2339305e+000	
 -5.1139682e+000	
 -4.9925593e+000	
 -4.8697276e+000	
 -4.7454972e+000	
 -4.6198925e+000	
 -4.4929386e+000	
 -4.3646607e+000	
 -4.2350844e+000	
 -4.1042357e+000	
 -3.9721408e+000	
 -3.8388266e+000	
 -3.7043200e+000	
 -3.5686483e+000	
 -3.4318393e+000	
 -3.2939210e+000	
 -3.1549216e+000	
 -3.0148699e+000	
 -2.8737948e+000	
 -2.7317255e+000	
 -2.5886917e+000	
 -2.4447231e+000	
 -2.2998499e+000	
 -2.1541026e+000	
 -2.0075117e+000	
 -1.8601083e+000	
 -1.7119235e+000	
 -1.5629889e+000	
 -1.4133361e+000	
 -1.2629972e+000	
 -1.1120043e+000	
 -9.6038976e-001	
 -8.0818635e-001	
 -6.5542689e-001	
 -5.0214446e-001	
 -3.4837232e-001	
 -1.9414395e-001	
 -3.9493007e-002	
  1.1554668e-001	
  2.7094108e-001	
  4.2665603e-001	
  5.8265718e-001	
  7.3891005e-001	
  8.9537999e-001	
  1.0520322e+000	
  1.2088318e+000	
  1.3657438e+000	
  1.5227330e+000	
  1.6797642e+000	
  1.8368019e+000	
  1.9938109e+000	
  2.1507554e+000	
  2.3075999e+000	
  2.4643087e+000	
  2.6208462e+000	
  2.7771763e+000	
  2.9332634e+000	
  3.0890715e+000	
  3.2445647e+000	
  3.3997071e+000	
  3.5544626e+000	
  3.7087953e+000	
  3.8626692e+000	
  4.0160484e+000	
  4.1688969e+000	
  4.3211788e+000	
  4.4728580e+000	
  4.6238989e+000	
  4.7742655e+000	
  4.9239221e+000	
  5.0728329e+000	
  5.2209624e+000	
  5.3682749e+000	
  5.5147350e+000	
  5.6603072e+000	
  5.8049563e+000	
  5.9486471e+000	
  6.0913444e+000	
  6.2330134e+000	
  6.3736191e+000	
  6.5131270e+000	
  6.6515024e+000	
  6.7887110e+000	
  6.9247184e+000	
  7.0594906e+000	
  7.1929938e+000	
  7.3251941e+000	
  7.4560580e+000	
  7.5855521e+000	
  7.7136434e+000	
  7.8402988e+000	
  7.9654855e+000	
  8.0891712e+000	
  8.2113234e+000	
  8.3319102e+000	
  8.4508996e+000	
  8.5682601e+000	
  8.6839604e+000	
  8.7979693e+000	
  8.9102561e+000	
  9.0207902e+000	
  9.1295412e+000	
  9.2364793e+000	
  9.3415747e+000	
  9.4447979e+000	
  9.5461199e+000	
  9.6455117e+000	
  9.7429448e+000	
  9.8383910e+000	
  9.9318224e+000	
  1.0023211e+001	
  1.0112531e+001	
  1.0199753e+001	
  1.0284853e+001	
  1.0367803e+001	
  1.0448577e+001	
  1.0527150e+001	
  1.0603497e+001	
  1.0677592e+001	
  1.0749412e+001	
  1.0818932e+001	
  1.0886127e+001	
  1.0950976e+001	
  1.1013454e+001	
  1.1073539e+001	
  1.1131208e+001	
  1.1186440e+001	
  1.1239213e+001	
  1.1289506e+001	
  1.1337298e+001	
  1.1382568e+001	
  1.1425298e+001	
  1.1465466e+001	
  1.1503055e+001	
  1.1538046e+001	
  1.1570419e+001	
  1.1600159e+001	
  1.1627246e+001	
  1.1651665e+001	
  1.1673400e+001	
  1.1692434e+001	
  1.1708751e+001	
  1.1722339e+001	
  1.1733181e+001	
  1.1741265e+001	
  1.1746578e+001	
  1.1749107e+001	
  1.1748840e+001	
  1.1745767e+001	
  1.1739877e+001	
  1.1731160e+001	
  1.1719607e+001	
  1.1705210e+001	
  1.1687963e+001	
  1.1667857e+001	
  1.1644889e+001	
  1.1619053e+001	
  1.1590345e+001	
  1.1558763e+001	
  1.1524306e+001	
  1.1486972e+001	
  1.1446762e+001	
  1.1403679e+001	
  1.1357725e+001	
  1.1308904e+001	
  1.1257221e+001	
  1.1202685e+001	
  1.1145303e+001	
  1.1085085e+001	
  1.1022042e+001	
  1.0956186e+001	
  1.0887532e+001	
  1.0816095e+001	
  1.0741894e+001	
  1.0664945e+001	
  1.0585270e+001	
  1.0502891e+001	
  1.0417830e+001	
  1.0330113e+001	
  1.0239766e+001	
  1.0146816e+001	
  1.0051294e+001	
  9.9532294e+000	
  9.8526541e+000	
  9.7496014e+000	
  9.6441054e+000	
  9.5362014e+000	
  9.4259259e+000	
  9.3133158e+000	
  9.1984091e+000	
  9.0812444e+000	
  8.9618609e+000	
  8.8402980e+000	
  8.7165958e+000	
  8.5907942e+000	
  8.4629334e+000	
  8.3330534e+000	
  8.2011943e+000	
  8.0673957e+000	
  7.9316969e+000	
  7.7941368e+000	
  7.6547535e+000	
  7.5135847e+000	
  7.3706674e+000	
  7.2260377e+000	
  7.0797308e+000	
  6.9317812e+000	
  6.7822226e+000	
  6.6310875e+000	
  6.4784077e+000	
  6.3242141e+000	
  6.1685367e+000	
  6.0114047e+000	
  5.8528463e+000	
  5.6928894e+000	
  5.5315607e+000	
  5.3688868e+000	
  5.2048933e+000	
  5.0396058e+000	
  4.8730491e+000	
  4.7052480e+000	
  4.5362272e+000	
  4.3660110e+000	
  4.1946238e+000	
  4.0220904e+000	
  3.8484352e+000	
  3.6736834e+000	
  3.4978601e+000	
  3.3209911e+000	
  3.1431024e+000	
  2.9642208e+000	
  2.7843733e+000	
  2.6035879e+000	
  2.4218930e+000	
  2.2393178e+000	
  2.0558921e+000	
  1.8716465e+000	
  1.6866123e+000	
  1.5008215e+000	
  1.3143069e+000	
  1.1271020e+000	
  9.3924103e-001	
  7.5075881e-001	
  5.6169096e-001	
  3.7207369e-001	
  1.8194388e-001	
 -8.6610215e-003	
 -1.9970297e-001	
 -3.9114340e-001	
 -5.8294321e-001	
 -7.7506283e-001	
 -9.6746224e-001	
 -1.1601010e+000	
 -1.3529383e+000	
 -1.5459329e+000	
 -1.7390433e+000	
 -1.9322276e+000	
 -2.1254438e+000	
 -2.3186496e+000	
 -2.5118022e+000	
 -2.7048590e+000	
 -2.8977770e+000	
 -3.0905130e+000	
 -3.2830238e+000	
 -3.4752660e+000	
 -3.6671961e+000	
 -3.8587705e+000	
 -4.0499455e+000	
 -4.2406775e+000	
 -4.4309227e+000	
 -4.6206373e+000	
 -4.8097776e+000	
 -4.9982997e+000	
 -5.1861599e+000	
 -5.3733144e+000	
 -5.5597196e+000	
 -5.7453316e+000	
 -5.9301071e+000	
 -6.1140024e+000	
 -6.2969740e+000	
 -6.4789786e+000	
 -6.6599731e+000	
 -6.8399141e+000	
 -7.0187588e+000	
 -7.1964643e+000	
 -7.3729877e+000	
 -7.5482867e+000	
 -7.7223186e+000	
 -7.8950414e+000	
 -8.0664130e+000	
 -8.2363916e+000	
 -8.4049354e+000	
 -8.5720032e+000	
 -8.7375537e+000	
 -8.9015459e+000	
 -9.0639392e+000	
 -9.2246931e+000	
 -9.3837674e+000	
 -9.5411223e+000	
 -9.6967181e+000	
 -9.8505154e+000	
 -1.0002475e+001	
 -1.0152559e+001	
 -1.0300729e+001	
 -1.0446945e+001	
 -1.0591172e+001	
 -1.0733371e+001	
 -1.0873506e+001	
 -1.1011539e+001	
 -1.1147435e+001	
 -1.1281158e+001	
 -1.1412672e+001	
 -1.1541943e+001	
 -1.1668935e+001	
 -1.1793615e+001	
 -1.1915949e+001	
 -1.2035903e+001	
 -1.2153445e+001	
 -1.2268542e+001	
 -1.2381162e+001	
 -1.2491275e+001	
 -1.2598848e+001	
 -1.2703852e+001	
 -1.2806256e+001	
 -1.2906032e+001	
 -1.3003149e+001	
 -1.3097580e+001	
 -1.3189298e+001	
 -1.3278273e+001	
 -1.3364481e+001	
 -1.3447894e+001	
 -1.3528486e+001	
 -1.3606234e+001	
 -1.3681112e+001	
 -1.3753096e+001	
 -1.3822163e+001	
 -1.3888291e+001	
 -1.3951456e+001	
 -1.4011638e+001	
 -1.4068816e+001	
 -1.4122969e+001	
 -1.4174078e+001	
 -1.4222124e+001	
 -1.4267088e+001	
 -1.4308952e+001	
 -1.4347700e+001	
 -1.4383316e+001	
 -1.4415783e+001	
 -1.4445086e+001	
 -1.4471211e+001	
 -1.4494144e+001	
 -1.4513872e+001	
 -1.4530383e+001	
 -1.4543665e+001	
 -1.4553708e+001	
 -1.4560500e+001	
 -1.4564033e+001	
 -1.4564297e+001	
 -1.4561284e+001	
 -1.4554988e+001	
 -1.4545400e+001	
 -1.4532516e+001	
 -1.4516330e+001	
 -1.4496838e+001	
 -1.4474035e+001	
 -1.4447919e+001	
 -1.4418487e+001	
 -1.4385739e+001	
 -1.4349672e+001	
 -1.4310287e+001	
 -1.4267585e+001	
 -1.4221566e+001	
 -1.4172234e+001	
 -1.4119591e+001	
 -1.4063641e+001	
 -1.4004388e+001	
 -1.3941837e+001	
 -1.3875994e+001	
 -1.3806867e+001	
 -1.3734461e+001	
 -1.3658787e+001	
 -1.3579852e+001	
 -1.3497666e+001	
 -1.3412240e+001	
 -1.3323585e+001	
 -1.3231712e+001	
 -1.3136636e+001	
 -1.3038368e+001	
 -1.2936924e+001	
 -1.2832318e+001	
 -1.2724566e+001	
 -1.2613685e+001	
 -1.2499692e+001	
 -1.2382604e+001	
 -1.2262441e+001	
 -1.2139222e+001	
 -1.2012966e+001	
 -1.1883696e+001	
 -1.1751432e+001	
 -1.1616198e+001	
 -1.1478015e+001	
 -1.1336909e+001	
 -1.1192902e+001	
 -1.1046022e+001	
 -1.0896293e+001	
 -1.0743743e+001	
 -1.0588398e+001	
 -1.0430287e+001	
 -1.0269439e+001	
 -1.0105883e+001	
 -9.9396484e+000	
 -9.7707671e+000	
 -9.5992701e+000	
 -9.4251897e+000	
 -9.2485587e+000	
 -9.0694104e+000	
 -8.8877791e+000	
 -8.7036995e+000	
 -8.5172070e+000	
 -8.3283376e+000	
 -8.1371280e+000	
 -7.9436154e+000	
 -7.7478377e+000	
 -7.5498335e+000	
 -7.3496417e+000	
 -7.1473022e+000	
 -6.9428551e+000	
 -6.7363412e+000	
 -6.5278020e+000	
 -6.3172795e+000	
 -6.1048161e+000	
 -5.8904550e+000	
 -5.6742396e+000	
 -5.4562142e+000	
 -5.2364234e+000	
 -5.0149123e+000	
 -4.7917265e+000	
 -4.5669124e+000	
 -4.3405163e+000	
 -4.1125856e+000	
 -3.8831676e+000	
 -3.6523105e+000	
 -3.4200628e+000	
 -3.1864733e+000	
 -2.9515913e+000	
 -2.7154667e+000	
 -2.4781496e+000	
 -2.2396905e+000	
 -2.0001404e+000	
 -1.7595506e+000	
 -1.5179728e+000	
 -1.2754590e+000	
 -1.0320616e+000	
 -7.8783343e-001	
 -5.4282743e-001	
 -2.9709699e-001	
 -5.0695790e-002	
  1.9632222e-001	
  4.4390281e-001	
  6.9199145e-001	
  9.4053337e-001	
  1.1894736e+000	
  1.4387568e+000	
  1.6883275e+000	
  1.9381301e+000	
  2.1881085e+000	
  2.4382068e+000	
  2.6883687e+000	
  2.9385376e+000	
  3.1886570e+000	
  3.4386702e+000	
  3.6885201e+000	
  3.9381499e+000	
  4.1875023e+000	
  4.4365201e+000	
  4.6851459e+000	
  4.9333224e+000	
  5.1809919e+000	
  5.4280970e+000	
  5.6745800e+000	
  5.9203832e+000	
  6.1654489e+000	
  6.4097194e+000	
  6.6531369e+000	
  6.8956436e+000	
  7.1371818e+000	
  7.3776937e+000	
  7.6171216e+000	
  7.8554076e+000	
  8.0924941e+000	
  8.3283233e+000	
  8.5628377e+000	
  8.7959795e+000	
  9.0276913e+000	
  9.2579153e+000	
  9.4865941e+000	
  9.7136702e+000	
  9.9390862e+000	
  1.0162785e+001	
  1.0384708e+001	
  1.0604799e+001	
  1.0822999e+001	
  1.1039253e+001	
  1.1253501e+001	
  1.1465688e+001	
  1.1675753e+001	
  1.1883641e+001	
  1.2089293e+001	
  1.2292651e+001	
  1.2493656e+001	
  1.2692250e+001	
  1.2888373e+001	
  1.3081966e+001	
  1.3272968e+001	
  1.3461320e+001	
  1.3646958e+001	
  1.3829820e+001	
  1.4009844e+001	
  1.4186964e+001	
  1.4361113e+001	
  1.4532224e+001	
  1.4700227e+001	
  1.4865051e+001	
  1.5026619e+001	
  1.5184856e+001	
  1.5339680e+001	
  1.5491007e+001	
  1.5638748e+001	
  1.5782810e+001	
  1.5923093e+001	
  1.6059491e+001	
  1.6191891e+001	
  1.6320173e+001	
  1.6444206e+001	
  1.6563848e+001	
  1.6678946e+001	
  1.6789333e+001	
  1.6894827e+001	
  1.6995228e+001	
  1.7090315e+001	
  1.7179848e+001	
  1.7263558e+001	
  1.7341151e+001	
  1.7412300e+001	
  1.7476642e+001	
  1.7533775e+001	
  1.7583253e+001	
  1.7624581e+001	
  1.7657211e+001	
  1.7680533e+001	
  1.7693875e+001	
  1.7696491e+001	
  1.7687561e+001	
  1.7666181e+001	
  1.7631361e+001	
  1.7582020e+001	
  1.7516984e+001	
  1.7434983e+001	
  1.7334657e+001	
  1.7214557e+001	
  1.7073157e+001	
  1.6908869e+001	
  1.6720064e+001	
  1.6505101e+001	
  1.6262366e+001	
  1.5990320e+001	
  1.5687555e+001	
  1.5352865e+001	
  1.4985322e+001	
  1.4584361e+001	
  1.4149871e+001	
  1.3682282e+001	
  1.3182651e+001	
  1.2652727e+001	
  1.2095002e+001	
  1.1512724e+001	
  1.0909879e+001	
  1.0291124e+001	
  9.6616796e+000	
  9.0271792e+000	
  8.3934799e+000	
  7.7664540e+000	
  7.1517708e+000	
  6.5546876e+000	
  5.9798664e+000	
  5.4312305e+000	
  4.9118689e+000	
  4.4239941e+000	
  3.9689505e+000	
  3.5472661e+000	
  3.1587393e+000	
  2.8025483e+000	
  2.4773718e+000	
  2.1815113e+000	
  1.9130072e+000	
  1.6697422e+000	
  1.4495300e+000	
  1.2501872e+000	
  1.0695891e+000	
  9.0571020e-001	
  7.5665201e-001	
  6.2065989e-001	
  4.9613111e-001	
  3.8161628e-001	
  2.7581587e-001	
  1.7757333e-001	
  8.5865953e-002	
 -2.0548240e-004	
 -8.1427693e-002	
 -1.5848587e-001	
 -2.3197437e-001	
 -3.0240682e-001	
 -3.7022558e-001	
 -4.3581036e-001	
 -4.9948604e-001	
 -5.6152977e-001	
 -6.2217722e-001	
 -6.8162811e-001	
 -7.4005116e-001	
 -7.9758838e-001	
 -8.5435878e-001	
 -9.1046169e-001	
 -9.6597956e-001	
 -1.0209804e+000	
 -1.0755199e+000	
 -1.1296434e+000	
 -1.1833871e+000	
 -1.2367797e+000	
 -1.2898436e+000	
 -1.3425955e+000	
 -1.3950479e+000	
 -1.4472089e+000	
 -1.4990837e+000	
 -1.5506746e+000	
 -1.6019816e+000	
 -1.6530027e+000	
 -1.7037343e+000	
 -1.7541714e+000	
 -1.8043081e+000	
 -1.8541371e+000	
 -1.9036508e+000	
 -1.9528406e+000	
 -2.0016975e+000	
 -2.0502122e+000	
 -2.0983747e+000	
 -2.1461751e+000	
 -2.1936031e+000	
 -2.2406481e+000	
 -2.2872996e+000	
 -2.3335469e+000	
 -2.3793792e+000	
 -2.4247857e+000	
 -2.4697556e+000	
 -2.5142780e+000	
 -2.5583421e+000	
 -2.6019371e+000	
 -2.6450523e+000	
 -2.6876769e+000	
 -2.7298003e+000	
 -2.7714119e+000	
 -2.8125011e+000	
 -2.8530575e+000	
 -2.8930707e+000	
 -2.9325305e+000	
 -2.9714267e+000	
 -3.0097491e+000	
 -3.0474877e+000	
 -3.0846327e+000	
 -3.1211742e+000	
 -3.1571027e+000	
 -3.1924084e+000	
 -3.2270819e+000	
 -3.2611140e+000	
 -3.2944953e+000	
 -3.3272168e+000	
 -3.3592695e+000	
 -3.3906446e+000	
 -3.4213332e+000	
 -3.4513269e+000	
 -3.4806173e+000	
 -3.5091958e+000	
 -3.5370545e+000	
 -3.5641853e+000	
 -3.5905803e+000	
 -3.6162316e+000	
 -3.6411319e+000	
 -3.6652735e+000	
 -3.6886492e+000	
 -3.7112519e+000	
 -3.7330745e+000	
 -3.7541104e+000	
 -3.7743527e+000	
 -3.7937949e+000	
 -3.8124309e+000	
 -3.8302543e+000	
 -3.8472591e+000	
 -3.8634396e+000	
 -3.8787901e+000	
 -3.8933050e+000	
 -3.9069791e+000	
 -3.9198071e+000	
 -3.9317842e+000	
 -3.9429056e+000	
 -3.9531666e+000	
 -3.9625628e+000	
 -3.9710900e+000	
 -3.9787442e+000	
 -3.9855214e+000	
 -3.9914179e+000	
 -3.9964304e+000	
 -4.0005554e+000	
 -4.0037899e+000	
 -4.0061310e+000	
 -4.0075759e+000	
 -4.0081221e+000	
 -4.0077673e+000	
 -4.0065092e+000	
 -4.0043461e+000	
 -4.0012762e+000	
 -3.9972978e+000	
 -3.9924098e+000	
 -3.9866108e+000	
 -3.9799001e+000	
 -3.9722768e+000	
 -3.9637405e+000	
 -3.9542908e+000	
 -3.9439276e+000	
 -3.9326509e+000	
 -3.9204612e+000	
 -3.9073588e+000	
 -3.8933444e+000	
 -3.8784190e+000	
 -3.8625838e+000	
 -3.8458399e+000	
 -3.8281890e+000	
 -3.8096328e+000	
 -3.7901732e+000	
 -3.7698125e+000	
 -3.7485528e+000	
 -3.7263970e+000	
 -3.7033476e+000	
 -3.6794077e+000	
 -3.6545806e+000	
 -3.6288695e+000	
 -3.6022782e+000	
 -3.5748104e+000	
 -3.5464702e+000	
 -3.5172617e+000	
 -3.4871895e+000	
 -3.4562582e+000	
 -3.4244725e+000	
 -3.3918377e+000	
 -3.3583589e+000	
 -3.3240415e+000	
 -3.2888913e+000	
 -3.2529142e+000	
 -3.2161161e+000	
 -3.1785033e+000	
 -3.1400823e+000	
 -3.1008598e+000	
 -3.0608426e+000	
 -3.0200378e+000	
 -2.9784525e+000	
 -2.9360944e+000	
 -2.8929709e+000	
 -2.8490899e+000	
 -2.8044595e+000	
 -2.7590878e+000	
 -2.7129832e+000	
 -2.6661543e+000	
 -2.6186098e+000	
 -2.5703588e+000	
 -2.5214102e+000	
 -2.4717735e+000	
 -2.4214581e+000	
 -2.3704737e+000	
 -2.3188301e+000	
 -2.2665372e+000	
 -2.2136054e+000	
 -2.1600448e+000	
 -2.1058661e+000	
 -2.0510800e+000	
 -1.9956971e+000	
 -1.9397287e+000	
 -1.8831857e+000	
 -1.8260796e+000	
 -1.7684218e+000	
 -1.7102240e+000	
 -1.6514979e+000	
 -1.5922554e+000	
 -1.5325086e+000	
 -1.4722697e+000	
 -1.4115511e+000	
 -1.3503653e+000	
 -1.2887249e+000	
 -1.2266426e+000	
 -1.1641315e+000	
 -1.1012044e+000	
 -1.0378745e+000	
 -9.7415515e-001	
 -9.1005970e-001	
 -8.4560166e-001	
 -7.8079466e-001	
 -7.1565243e-001	
 -6.5018884e-001	
 -5.8441783e-001	
 -5.1835345e-001	
 -4.5200988e-001	
 -3.8540137e-001	
 -3.1854228e-001	
 -2.5144704e-001	
 -1.8413020e-001	
 -1.1660637e-001	
 -4.8890264e-002	
  1.9003344e-002	
  8.7059591e-002	
  1.5526354e-001	
  2.2360020e-001	
  2.9205448e-001	
  3.6061126e-001	
  4.2925533e-001	
  4.9797145e-001	
  5.6674432e-001	
  6.3555856e-001	
  7.0439878e-001	
  7.7324952e-001	
  8.4209530e-001	
  9.1092058e-001	
  9.7970982e-001	
  1.0484474e+000	
  1.1171177e+000	
  1.1857051e+000	
  1.2541940e+000	
  1.3225686e+000	
  1.3908132e+000	
  1.4589122e+000	
  1.5268499e+000	
  1.5946104e+000	
  1.6621782e+000	
  1.7295376e+000	
  1.7966727e+000	
  1.8635680e+000	
  1.9302077e+000	
  1.9965763e+000	
  2.0626580e+000	
  2.1284373e+000	
  2.1938986e+000	
  2.2590264e+000	
  2.3238051e+000	
  2.3882194e+000	
  2.4522537e+000	
  2.5158926e+000	
  2.5791210e+000	
  2.6419235e+000	
  2.7042849e+000	
  2.7661900e+000	
  2.8276239e+000	
  2.8885713e+000	
  2.9490175e+000	
  3.0089476e+000	
  3.0683468e+000	
  3.1272003e+000	
  3.1854936e+000	
  3.2432121e+000	
  3.3003414e+000	
  3.3568673e+000	
  3.4127753e+000	
  3.4680515e+000	
  3.5226819e+000	
  3.5766524e+000	
  3.6299493e+000	
  3.6825590e+000	
  3.7344679e+000	
  3.7856625e+000	
  3.8361296e+000	
  3.8858560e+000	
  3.9348287e+000	
  3.9830348e+000	
  4.0304615e+000	
  4.0770962e+000	
  4.1229265e+000	
  4.1679401e+000	
  4.2121248e+000	
  4.2554686e+000	
  4.2979597e+000	
  4.3395865e+000	
  4.3803374e+000	
  4.4202011e+000	
  4.4591665e+000	
  4.4972225e+000	
  4.5343584e+000	
  4.5705636e+000	
  4.6058276e+000	
  4.6401402e+000	
  4.6734913e+000	
  4.7058711e+000	
  4.7372699e+000	
  4.7676783e+000	
  4.7970870e+000	
  4.8254870e+000	
  4.8528693e+000	
  4.8792254e+000	
  4.9045468e+000	
  4.9288253e+000	
  4.9520529e+000	
  4.9742219e+000	
  4.9953247e+000	
  5.0153540e+000	
  5.0343026e+000	
  5.0521637e+000	
  5.0689307e+000	
  5.0845971e+000	
  5.0991567e+000	
  5.1126037e+000	
  5.1249323e+000	
  5.1361371e+000	
  5.1462128e+000	
  5.1551545e+000	
  5.1629574e+000	
  5.1696170e+000	
  5.1751292e+000	
  5.1794900e+000	
  5.1826956e+000	
  5.1847425e+000	
  5.1856275e+000	
  5.1853477e+000	
  5.1839003e+000	
  5.1812830e+000	
  5.1774935e+000	
  5.1725298e+000	
  5.1663903e+000	
  5.1590737e+000	
  5.1505787e+000	
  5.1409046e+000	
  5.1300506e+000	
  5.1180164e+000	
  5.1048020e+000	
  5.0904075e+000	
  5.0748334e+000	
  5.0580804e+000	
  5.0401494e+000	
  5.0210419e+000	
  5.0007591e+000	
  4.9793031e+000	
  4.9566757e+000	
  4.9328795e+000	
  4.9079168e+000	
  4.8817906e+000	
  4.8545041e+000	
  4.8260606e+000	
  4.7964639e+000	
  4.7657177e+000	
  4.7338264e+000	
  4.7007944e+000	
  4.6666264e+000	
  4.6313275e+000	
  4.5949029e+000	
  4.5573581e+000	
  4.5186989e+000	
  4.4789314e+000	
  4.4380618e+000	
  4.3960968e+000	
  4.3530432e+000	
  4.3089080e+000	
  4.2636987e+000	
  4.2174228e+000	
  4.1700882e+000	
  4.1217029e+000	
  4.0722755e+000	
  4.0218144e+000	
  3.9703285e+000	
  3.9178270e+000	
  3.8643192e+000	
  3.8098148e+000	
  3.7543235e+000	
  3.6978554e+000	
  3.6404210e+000	
  3.5820307e+000	
  3.5226954e+000	
  3.4624261e+000	
  3.4012341e+000	
  3.3391309e+000	
  3.2761282e+000	
  3.2122380e+000	
  3.1474725e+000	
  3.0818441e+000	
  3.0153654e+000	
  2.9480493e+000	
  2.8799088e+000	
  2.8109573e+000	
  2.7412082e+000	
  2.6706752e+000	
  2.5993723e+000	
  2.5273135e+000	
  2.4545131e+000	
  2.3809858e+000	
  2.3067461e+000	
  2.2318091e+000	
  2.1561898e+000	
  2.0799034e+000	
  2.0029655e+000	
  1.9253918e+000	
  1.8471980e+000	
  1.7684002e+000	
  1.6890145e+000	
  1.6090574e+000	
  1.5285453e+000	
  1.4474949e+000	
  1.3659231e+000	
  1.2838469e+000	
  1.2012835e+000	
  1.1182501e+000	
  1.0347643e+000	
  9.5084363e-001	
  8.6650585e-001	
  7.8176884e-001	
  6.9665064e-001	
  6.1116938e-001	
  5.2534335e-001	
  4.3919095e-001	
  3.5273069e-001	
  2.6598121e-001	
  1.7896125e-001	
  9.1689663e-002	
  4.1854064e-003	
 -8.3532465e-002	
 -1.7144480e-001	
 -2.5953236e-001	
 -3.4777581e-001	
 -4.3615574e-001	
 -5.2465265e-001	
 -6.1324699e-001	
 -7.0191911e-001	
 -7.9064930e-001	
 -8.7941781e-001	
 -9.6820479e-001	
 -1.0569904e+000	
 -1.1457547e+000	
 -1.2344776e+000	
 -1.3231393e+000	
 -1.4117196e+000	
 -1.5001984e+000	
 -1.5885557e+000	
 -1.6767713e+000	
 -1.7648251e+000	
 -1.8526968e+000	
 -1.9403664e+000	
 -2.0278136e+000	
 -2.1150182e+000	
 -2.2019602e+000	
 -2.2886192e+000	
 -2.3749752e+000	
 -2.4610080e+000	
 -2.5466975e+000	
 -2.6320236e+000	
 -2.7169662e+000	
 -2.8015054e+000	
 -2.8856211e+000	
 -2.9692934e+000	
 -3.0525025e+000	
 -3.1352284e+000	
 -3.2174515e+000	
 -3.2991520e+000	
 -3.3803102e+000	
 -3.4609067e+000	
 -3.5409218e+000	
 -3.6203363e+000	
 -3.6991307e+000	
 -3.7772859e+000	
 -3.8547827e+000	
 -3.9316021e+000	
 -4.0077252e+000	
 -4.0831330e+000	
 -4.1578071e+000	
 -4.2317286e+000	
 -4.3048792e+000	
 -4.3772406e+000	
 -4.4487944e+000	
 -4.5195228e+000	
 -4.5894076e+000	
 -4.6584313e+000	
 -4.7265760e+000	
 -4.7938243e+000	
 -4.8601590e+000	
 -4.9255628e+000	
 -4.9900187e+000	
 -5.0535100e+000	
 -5.1160200e+000	
 -5.1775322e+000	
 -5.2380303e+000	
 -5.2974982e+000	
 -5.3559200e+000	
 -5.4132801e+000	
 -5.4695628e+000	
 -5.5247530e+000	
 -5.5788354e+000	
 -5.6317953e+000	
 -5.6836179e+000	
 -5.7342887e+000	
 -5.7837936e+000	
 -5.8321186e+000	
 -5.8792498e+000	
 -5.9251738e+000	
 -5.9698772e+000	
 -6.0133470e+000	
 -6.0555703e+000	
 -6.0965346e+000	
 -6.1362277e+000	
 -6.1746373e+000	
 -6.2117518e+000	
 -6.2475595e+000	
 -6.2820493e+000	
 -6.3152101e+000	
 -6.3470312e+000	
 -6.3775021e+000	
 -6.4066126e+000	
 -6.4343529e+000	
 -6.4607134e+000	
 -6.4856846e+000	
 -6.5092576e+000	
 -6.5314236e+000	
 -6.5521742e+000	
 -6.5715012e+000	
 -6.5893967e+000	
 -6.6058533e+000	
 -6.6208636e+000	
 -6.6344207e+000	
 -6.6465180e+000	
 -6.6571492e+000	
 -6.6663083e+000	
 -6.6739895e+000	
 -6.6801875e+000	
 -6.6848973e+000	
 -6.6881142e+000	
 -6.6898336e+000	
 -6.6900517e+000	
 -6.6887645e+000	
 -6.6859687e+000	
 -6.6816612e+000	
 -6.6758393e+000	
 -6.6685004e+000	
 -6.6596426e+000	
 -6.6492641e+000	
 -6.6373635e+000	
 -6.6239396e+000	
 -6.6089919e+000	
 -6.5925197e+000	
 -6.5745233e+000	
 -6.5550027e+000	
 -6.5339587e+000	
 -6.5113922e+000	
 -6.4873045e+000	
 -6.4616974e+000	
 -6.4345729e+000	
 -6.4059332e+000	
 -6.3757812e+000	
 -6.3441198e+000	
 -6.3109526e+000	
 -6.2762831e+000	
 -6.2401156e+000	
 -6.2024545e+000	
 -6.1633046e+000	
 -6.1226710e+000	
 -6.0805591e+000	
 -6.0369750e+000	
 -5.9919246e+000	
 -5.9454146e+000	
 -5.8974518e+000	
 -5.8480434e+000	
 -5.7971970e+000	
 -5.7449205e+000	
 -5.6912221e+000	
 -5.6361105e+000	
 -5.5795944e+000	
 -5.5216833e+000	
 -5.4623866e+000	
 -5.4017143e+000	
 -5.3396768e+000	
 -5.2762845e+000	
 -5.2115484e+000	
 -5.1454798e+000	
 -5.0780902e+000	
 -5.0093916e+000	
 -4.9393963e+000	
 -4.8681167e+000	
 -4.7955657e+000	
 -4.7217566e+000	
 -4.6467029e+000	
 -4.5704184e+000	
 -4.4929172e+000	
 -4.4142137e+000	
 -4.3343229e+000	
 -4.2532596e+000	
 -4.1710393e+000	
 -4.0876776e+000	
 -4.0031905e+000	
 -3.9175942e+000	
 -3.8309053e+000	
 -3.7431406e+000	
 -3.6543172e+000	
 -3.5644525e+000	
 -3.4735641e+000	
 -3.3816701e+000	
 -3.2887886e+000	
 -3.1949381e+000	
 -3.1001374e+000	
 -3.0044054e+000	
 -2.9077615e+000	
 -2.8102251e+000	
 -2.7118160e+000	
 -2.6125542e+000	
 -2.5124601e+000	
 -2.4115540e+000	
 -2.3098567e+000	
 -2.2073892e+000	
 -2.1041727e+000	
 -2.0002285e+000	
 -1.8955783e+000	
 -1.7902439e+000	
 -1.6842473e+000	
 -1.5776109e+000	
 -1.4703571e+000	
 -1.3625084e+000	
 -1.2540878e+000	
 -1.1451182e+000	
 -1.0356229e+000	
 -9.2562530e-001	
 -8.1514885e-001	
 -7.0421732e-001	
 -5.9285457e-001	
 -4.8108466e-001	
 -3.6893177e-001	
 -2.5642024e-001	
 -1.4357454e-001	
 -3.0419296e-002	
  8.3020750e-002	
  1.9672072e-001	
  3.1065562e-001	
  4.2480035e-001	
  5.3912967e-001	
  6.5361826e-001	
  7.6824069e-001	
  8.8297145e-001	
  9.9778491e-001	
  1.1126554e+000	
  1.2275571e+000	
  1.3424642e+000	
  1.4573509e+000	
  1.5721910e+000	
  1.6869586e+000	
  1.8016276e+000	
  1.9161719e+000	
  2.0305654e+000	
  2.1447817e+000	
  2.2587948e+000	
  2.3725784e+000	
  2.4861062e+000	
  2.5993519e+000	
  2.7122893e+000	
  2.8248921e+000	
  2.9371341e+000	
  3.0489890e+000	
  3.1604305e+000	
  3.2714326e+000	
  3.3819689e+000	
  3.4920135e+000	
  3.6015401e+000	
  3.7105228e+000	
  3.8189356e+000	
  3.9267525e+000	
  4.0339477e+000	
  4.1404954e+000	
  4.2463700e+000	
  4.3515458e+000	
  4.4559972e+000	
  4.5596989e+000	
  4.6626255e+000	
  4.7647518e+000	
  4.8660527e+000	
  4.9665033e+000	
  5.0660786e+000	
  5.1647539e+000	
  5.2625047e+000	
  5.3593065e+000	
  5.4551351e+000	
  5.5499662e+000	
  5.6437760e+000	
  5.7365406e+000	
  5.8282363e+000	
  5.9188398e+000	
  6.0083277e+000	
  6.0966770e+000	
  6.1838648e+000	
  6.2698685e+000	
  6.3546654e+000	
  6.4382335e+000	
  6.5205506e+000	
  6.6015949e+000	
  6.6813449e+000	
  6.7597792e+000	
  6.8368766e+000	
  6.9126164e+000	
  6.9869779e+000	
  7.0599407e+000	
  7.1314848e+000	
  7.2015904e+000	
  7.2702379e+000	
  7.3374080e+000	
  7.4030818e+000	
  7.4672405e+000	
  7.5298658e+000	
  7.5909396e+000	
  7.6504440e+000	
  7.7083617e+000	
  7.7646754e+000	
  7.8193683e+000	
  7.8724239e+000	
  7.9238260e+000	
  7.9735587e+000	
  8.0216067e+000	
  8.0679546e+000	
  8.1125878e+000	
  8.1554917e+000	
  8.1966523e+000	
  8.2360558e+000	
  8.2736890e+000	
  8.3095388e+000	
  8.3435927e+000	
  8.3758384e+000	
  8.4062642e+000	
  8.4348587e+000	
  8.4616108e+000	
  8.4865099e+000	
  8.5095458e+000	
  8.5307088e+000	
  8.5499895e+000	
  8.5673789e+000	
  8.5828685e+000	
  8.5964503e+000	
  8.6081165e+000	
  8.6178601e+000	
  8.6256741e+000	
  8.6315523e+000	
  8.6354888e+000	
  8.6374782e+000	
  8.6375156e+000	
  8.6355964e+000	
  8.6317165e+000	
  8.6258725e+000	
  8.6180611e+000	
  8.6082799e+000	
  8.5965265e+000	
  8.5827994e+000	
  8.5670973e+000	
  8.5494194e+000	
  8.5297656e+000	
  8.5081360e+000	
  8.4845314e+000	
  8.4589530e+000	
  8.4314023e+000	
  8.4018817e+000	
  8.3703936e+000	
  8.3369413e+000	
  8.3015283e+000	
  8.2641587e+000	
  8.2248371e+000	
  8.1835685e+000	
  8.1403583e+000	
  8.0952127e+000	
  8.0481379e+000	
  7.9991410e+000	
  7.9482292e+000	
  7.8954105e+000	
  7.8406931e+000	
  7.7840856e+000	
  7.7255974e+000	
  7.6652380e+000	
  7.6030175e+000	
  7.5389464e+000	
  7.4730355e+000	
  7.4052962e+000	
  7.3357403e+000	
  7.2643800e+000	
  7.1912277e+000	
  7.1162965e+000	
  7.0395997e+000	
  6.9611512e+000	
  6.8809649e+000	
  6.7990555e+000	
  6.7154378e+000	
  6.6301271e+000	
  6.5431391e+000	
  6.4544896e+000	
  6.3641951e+000	
  6.2722723e+000	
  6.1787381e+000	
  6.0836100e+000	
  5.9869057e+000	
  5.8886433e+000	
  5.7888412e+000	
  5.6875180e+000	
  5.5846929e+000	
  5.4803853e+000	
  5.3746148e+000	
  5.2674015e+000	
  5.1587657e+000	
  5.0487282e+000	
  4.9373098e+000	
  4.8245320e+000	
  4.7104164e+000	
  4.5949848e+000	
  4.4782596e+000	
  4.3602633e+000	
  4.2410189e+000	
  4.1205494e+000	
  3.9988784e+000	
  3.8760297e+000	
  3.7520275e+000	
  3.6268961e+000	
  3.5006603e+000	
  3.3733451e+000	
  3.2449759e+000	
  3.1155782e+000	
  2.9851781e+000	
  2.8538016e+000	
  2.7214754e+000	
  2.5882263e+000	
  2.4540812e+000	
  2.3190676e+000	
  2.1832131e+000	
  2.0465457e+000	
  1.9090934e+000	
  1.7708848e+000	
  1.6319485e+000	
  1.4923134e+000	
  1.3520089e+000	
  1.2110642e+000	
  1.0695091e+000	
  9.2737351e-001	
  7.8468750e-001	
  6.4148143e-001	
  4.9778586e-001	
  3.5363153e-001	
  2.0904939e-001	
  6.4070581e-002	
 -8.1273574e-002	
 -2.2695158e-001	
 -3.7293177e-001	
 -5.1918232e-001	
 -6.6567126e-001	
 -8.1236645e-001	
 -9.5923565e-001	
 -1.1062464e+000	
 -1.2533663e+000	
 -1.4005627e+000	
 -1.5478027e+000	
 -1.6950536e+000	
 -1.8422825e+000	
 -1.9894563e+000	
 -2.1365420e+000	
 -2.2835063e+000	
 -2.4303160e+000	
 -2.5769379e+000	
 -2.7233387e+000	
 -2.8694849e+000	
 -3.0153432e+000	
 -3.1608801e+000	
 -3.3060623e+000	
 -3.4508563e+000	
 -3.5952286e+000	
 -3.7391459e+000	
 -3.8825746e+000	
 -4.0254815e+000	
 -4.1678331e+000	
 -4.3095961e+000	
 -4.4507373e+000	
 -4.5912234e+000	
 -4.7310213e+000	
 -4.8700979e+000	
 -5.0084202e+000	
 -5.1459553e+000	
 -5.2826702e+000	
 -5.4185324e+000	
 -5.5535092e+000	
 -5.6875680e+000	
 -5.8206766e+000	
 -5.9528026e+000	
 -6.0839139e+000	
 -6.2139787e+000	
 -6.3429650e+000	
 -6.4708413e+000	
 -6.5975761e+000	
 -6.7231380e+000	
 -6.8474960e+000	
 -6.9706192e+000	
 -7.0924768e+000	
 -7.2130384e+000	
 -7.3322735e+000	
 -7.4501523e+000	
 -7.5666448e+000	
 -7.6817214e+000	
 -7.7953527e+000	
 -7.9075098e+000	
 -8.0181636e+000	
 -8.1272857e+000	
 -8.2348476e+000	
 -8.3408215e+000	
 -8.4451795e+000	
 -8.5478941e+000	
 -8.6489384e+000	
 -8.7482853e+000	
 -8.8459085e+000	
 -8.9417816e+000	
 -9.0358788e+000	
 -9.1281745e+000	
 -9.2186437e+000	
 -9.3072614e+000	
 -9.3940031e+000	
 -9.4788446e+000	
 -9.5617624e+000	
 -9.6427328e+000	
 -9.7217330e+000	
 -9.7987402e+000	
 -9.8737323e+000	
 -9.9466874e+000	
 -1.0017584e+001	
 -1.0086401e+001	
 -1.0153119e+001	
 -1.0217716e+001	
 -1.0280173e+001	
 -1.0340470e+001	
 -1.0398590e+001	
 -1.0454512e+001	
 -1.0508221e+001	
 -1.0559697e+001	
 -1.0608923e+001	
 -1.0655884e+001	
 -1.0700563e+001	
 -1.0742943e+001	
 -1.0783011e+001	
 -1.0820752e+001	
 -1.0856150e+001	
 -1.0889193e+001	
 -1.0919867e+001	
 -1.0948159e+001	
 -1.0974057e+001	
 -1.0997550e+001	
 -1.1018625e+001	
 -1.1037274e+001	
 -1.1053484e+001	
 -1.1067247e+001	
 -1.1078554e+001	
 -1.1087395e+001	
 -1.1093764e+001	
 -1.1097651e+001	
 -1.1099051e+001	
 -1.1097956e+001	
 -1.1094362e+001	
 -1.1088262e+001	
 -1.1079651e+001	
 -1.1068526e+001	
 -1.1054883e+001	
 -1.1038719e+001	
 -1.1020030e+001	
 -1.0998816e+001	
 -1.0975074e+001	
 -1.0948803e+001	
 -1.0920004e+001	
 -1.0888677e+001	
 -1.0854822e+001	
 -1.0818440e+001	
 -1.0779534e+001	
 -1.0738107e+001	
 -1.0694160e+001	
 -1.0647699e+001	
 -1.0598727e+001	
 -1.0547249e+001	
 -1.0493270e+001	
 -1.0436797e+001	
 -1.0377836e+001	
 -1.0316394e+001	
 -1.0252478e+001	
 -1.0186098e+001	
 -1.0117262e+001	
 -1.0045979e+001	
 -9.9722590e+000	
 -9.8961133e+000	
 -9.8175527e+000	
 -9.7365888e+000	
 -9.6532340e+000	
 -9.5675012e+000	
 -9.4794037e+000	
 -9.3889556e+000	
 -9.2961714e+000	
 -9.2010663e+000	
 -9.1036558e+000	
 -9.0039563e+000	
 -8.9019845e+000	
 -8.7977578e+000	
 -8.6912941e+000	
 -8.5826117e+000	
 -8.4717298e+000	
 -8.3586678e+000	
 -8.2434457e+000	
 -8.1260843e+000	
 -8.0066046e+000	
 -7.8850283e+000	
 -7.7613776e+000	
 -7.6356752e+000	
 -7.5079444e+000	
 -7.3782089e+000	
 -7.2464929e+000	
 -7.1128212e+000	
 -6.9772191e+000	
 -6.8397123e+000	
 -6.7003272e+000	
 -6.5590904e+000	
 -6.4160292e+000	
 -6.2711713e+000	
 -6.1245448e+000	
 -5.9761785e+000	
 -5.8261015e+000	
 -5.6743432e+000	
 -5.5209338e+000	
 -5.3659037e+000	
 -5.2092838e+000	
 -5.0511055e+000	
 -4.8914005e+000	
 -4.7302011e+000	
 -4.5675399e+000	
 -4.4034498e+000	
 -4.2379644e+000	
 -4.0711175e+000	
 -3.9029433e+000	
 -3.7334763e+000	
 -3.5627517e+000	
 -3.3908047e+000	
 -3.2176711e+000	
 -3.0433870e+000	
 -2.8679887e+000	
 -2.6915131e+000	
 -2.5139973e+000	
 -2.3354787e+000	
 -2.1559951e+000	
 -1.9755846e+000	
 -1.7942854e+000	
 -1.6121364e+000	
 -1.4291764e+000	
 -1.2454448e+000	
 -1.0609810e+000	
 -8.7582484e-001	
 -6.9001636e-001	
 -5.0359586e-001	
 -3.1660386e-001	
 -1.2908116e-001	
  5.8931264e-002	
  2.4739219e-001	
  4.3626021e-001	
  6.2549369e-001	
  8.1505082e-001	
  1.0048896e+000	
  1.1949679e+000	
  1.3852434e+000	
  1.5756735e+000	
  1.7662157e+000	
  1.9568272e+000	
  2.1474650e+000	
  2.3380862e+000	
  2.5286477e+000	
  2.7191061e+000	
  2.9094182e+000	
  3.0995405e+000	
  3.2894296e+000	
  3.4790419e+000	
  3.6683337e+000	
  3.8572616e+000	
  4.0457816e+000	
  4.2338501e+000	
  4.4214234e+000	
  4.6084577e+000	
  4.7949092e+000	
  4.9807341e+000	
  5.1658887e+000	
  5.3503292e+000	
  5.5340121e+000	
  5.7168935e+000	
  5.8989299e+000	
  6.0800778e+000	
  6.2602936e+000	
  6.4395339e+000	
  6.6177554e+000	
  6.7949148e+000	
  6.9709690e+000	
  7.1458749e+000	
  7.3195896e+000	
  7.4920703e+000	
  7.6632743e+000	
  7.8331590e+000	
  8.0016820e+000	
  8.1688010e+000	
  8.3344739e+000	
  8.4986587e+000	
  8.6613136e+000	
  8.8223970e+000	
  8.9818674e+000	
  9.1396835e+000	
  9.2958042e+000	
  9.4501886e+000	
  9.6027959e+000	
  9.7535856e+000	
  9.9025173e+000	
  1.0049551e+001	
  1.0194646e+001	
  1.0337763e+001	
  1.0478863e+001	
  1.0617906e+001	
  1.0754853e+001	
  1.0889664e+001	
  1.1022301e+001	
  1.1152725e+001	
  1.1280897e+001	
  1.1406780e+001	
  1.1530335e+001	
  1.1651523e+001	
  1.1770307e+001	
  1.1886648e+001	
  1.2000509e+001	
  1.2111852e+001	
  1.2220640e+001	
  1.2326833e+001	
  1.2430396e+001	
  1.2531289e+001	
  1.2629476e+001	
  1.2724917e+001	
  1.2817575e+001	
  1.2907412e+001	
  1.2994389e+001	
  1.3078467e+001	
  1.3159607e+001	
  1.3237770e+001	
  1.3312915e+001	
  1.3385003e+001	
  1.3453992e+001	
  1.3519840e+001	
  1.3582506e+001	
  1.3641946e+001	
  1.3698116e+001	
  1.3750971e+001	
  1.3800466e+001	
  1.3846554e+001	
  1.3889186e+001	
  1.3928314e+001	
  1.3963885e+001	
  1.3995848e+001	
  1.4024150e+001	
  1.4048735e+001	
  1.4069545e+001	
  1.4086522e+001	
  1.4099605e+001	
  1.4108732e+001	
  1.4113838e+001	
  1.4114856e+001	
  1.4111719e+001	
  1.4104355e+001	
  1.4092693e+001	
  1.4076659e+001	
  1.4056176e+001	
  1.4031167e+001	
  1.4001555e+001	
  1.3967258e+001	
  1.3928196e+001	
  1.3884288e+001	
  1.3835454e+001	
  1.3781612e+001	
  1.3722683e+001	
  1.3658589e+001	
  1.3589255e+001	
  1.3514608e+001	
  1.3434580e+001	
  1.3349109e+001	
  1.3258138e+001	
  1.3161617e+001	
  1.3059505e+001	
  1.2951772e+001	
  1.2838397e+001	
  1.2719373e+001	
  1.2594705e+001	
  1.2464415e+001	
  1.2328540e+001	
  1.2187135e+001	
  1.2040273e+001	
  1.1888048e+001	
  1.1730573e+001	
  1.1567981e+001	
  1.1400428e+001	
  1.1228091e+001	
  1.1051167e+001	
  1.0869875e+001	
  1.0684450e+001	
  1.0495150e+001	
  1.0302247e+001	
  1.0106028e+001	
  9.9067934e+000	
  9.7048529e+000	
  9.5005239e+000	
  9.2941284e+000	
  9.0859894e+000	
  8.8764282e+000	
  8.6657611e+000	
  8.4542963e+000	
  8.2423311e+000	
  8.0301485e+000	
  7.8180154e+000	
  7.6061799e+000	
  7.3948693e+000	
  7.1842891e+000	
  6.9746210e+000	
  6.7660228e+000	
  6.5586280e+000	
  6.3525453e+000	
  6.1478597e+000	
  5.9446327e+000	
  5.7429035e+000	
  5.5426905e+000	
  5.3439925e+000	
  5.1467907e+000	
  4.9510503e+000	
  4.7567224e+000	
  4.5637463e+000	
  4.3720508e+000	
  4.1815567e+000	
  3.9921785e+000	
  3.8038261e+000	
  3.6164063e+000	
  3.4298247e+000	
  3.2439868e+000	
  3.0587993e+000	
  2.8741715e+000	
  2.6900157e+000	
  2.5062485e+000	
  2.3227914e+000	
  2.1395709e+000	
  1.9565196e+000	
  1.7735760e+000	
  1.5906847e+000	
  1.4077969e+000	
  1.2248698e+000	
  1.0418672e+000	
  8.5875880e-001	
  6.7552045e-001	
  4.9213362e-001	
  3.0858531e-001	
  1.2486772e-001	
 -5.9022052e-002	
 -2.4308231e-001	
 -4.2730709e-001	
 -6.1168647e-001	
 -7.9620691e-001	
 -9.8085152e-001	
 -1.1656004e+000	
 -1.3504309e+000	
 -1.5353178e+000	
 -1.7202339e+000	
 -1.9051497e+000	
 -2.0900343e+000	
 -2.2748549e+000	
 -2.4595776e+000	
 -2.6441670e+000	
 -2.8285869e+000	
 -3.0128002e+000	
 -3.1967689e+000	
 -3.3804543e+000	
 -3.5638173e+000	
 -3.7468181e+000	
 -3.9294166e+000	
 -4.1115724e+000	
 -4.2932448e+000	
 -4.4743928e+000	
 -4.6549754e+000	
 -4.8349512e+000	
 -5.0142790e+000	
 -5.1929173e+000	
 -5.3708246e+000	
 -5.5479596e+000	
 -5.7242807e+000	
 -5.8997465e+000	
 -6.0743156e+000	
 -6.2479468e+000	
 -6.4205989e+000	
 -6.5922306e+000	
 -6.7628010e+000	
 -6.9322692e+000	
 -7.1005945e+000	
 -7.2677361e+000	
 -7.4336538e+000	
 -7.5983071e+000	
 -7.7616560e+000	
 -7.9236605e+000	
 -8.0842810e+000	
 -8.2434780e+000	
 -8.4012121e+000	
 -8.5574443e+000	
 -8.7121358e+000	
 -8.8652480e+000	
 -9.0167426e+000	
 -9.1665815e+000	
 -9.3147271e+000	
 -9.4611417e+000	
 -9.6057883e+000	
 -9.7486300e+000	
 -9.8896301e+000	
 -1.0028752e+001	
 -1.0165961e+001	
 -1.0301221e+001	
 -1.0434496e+001	
 -1.0565751e+001	
 -1.0694953e+001	
 -1.0822067e+001	
 -1.0947059e+001	
 -1.1069896e+001	
 -1.1190545e+001	
 -1.1308974e+001	
 -1.1425150e+001	
 -1.1539042e+001	
 -1.1650618e+001	
 -1.1759847e+001	
 -1.1866701e+001	
 -1.1971147e+001	
 -1.2073157e+001	
 -1.2172703e+001	
 -1.2269755e+001	
 -1.2364285e+001	
 -1.2456267e+001	
 -1.2545672e+001	
 -1.2632475e+001	
 -1.2716650e+001	
 -1.2798171e+001	
 -1.2877014e+001	
 -1.2953153e+001	
 -1.3026565e+001	
 -1.3097228e+001	
 -1.3165118e+001	
 -1.3230213e+001	
 -1.3292491e+001	
 -1.3351932e+001	
 -1.3408516e+001	
 -1.3462222e+001	
 -1.3513031e+001	
 -1.3560925e+001	
 -1.3605885e+001	
 -1.3647895e+001	
 -1.3686938e+001	
 -1.3722997e+001	
 -1.3756057e+001	
 -1.3786103e+001	
 -1.3813122e+001	
 -1.3837098e+001	
 -1.3858021e+001	
 -1.3875876e+001	
 -1.3890654e+001	
 -1.3902342e+001	
 -1.3910930e+001	
 -1.3916410e+001	
 -1.3918771e+001	
 -1.3918007e+001	
 -1.3914108e+001	
 -1.3907069e+001	
 -1.3896883e+001	
 -1.3883545e+001	
 -1.3867050e+001	
 -1.3847393e+001	
 -1.3824573e+001	
 -1.3798584e+001	
 -1.3769427e+001	
 -1.3737099e+001	
 -1.3701600e+001	
 -1.3662931e+001	
 -1.3621091e+001	
 -1.3576083e+001	
 -1.3527909e+001	
 -1.3476571e+001	
 -1.3422075e+001	
 -1.3364423e+001	
 -1.3303622e+001	
 -1.3239677e+001	
 -1.3172595e+001	
 -1.3102383e+001	
 -1.3029049e+001	
 -1.2952602e+001	
 -1.2873052e+001	
 -1.2790409e+001	
 -1.2704683e+001	
 -1.2615886e+001	
 -1.2524032e+001	
 -1.2429132e+001	
 -1.2331202e+001	
 -1.2230254e+001	
 -1.2126305e+001	
 -1.2019371e+001	
 -1.1909468e+001	
 -1.1796613e+001	
 -1.1680826e+001	
 -1.1562124e+001	
 -1.1440527e+001	
 -1.1316055e+001	
 -1.1188730e+001	
 -1.1058572e+001	
 -1.0925605e+001	
 -1.0789851e+001	
 -1.0651333e+001	
 -1.0510077e+001	
 -1.0366107e+001	
 -1.0219449e+001	
 -1.0070129e+001	
 -9.9181739e+000	
 -9.7636123e+000	
 -9.6064720e+000	
 -9.4467820e+000	
 -9.2845721e+000	
 -9.1198725e+000	
 -8.9527141e+000	
 -8.7831285e+000	
 -8.6111479e+000	
 -8.4368050e+000	
 -8.2601334e+000	
 -8.0811670e+000	
 -7.8999404e+000	
 -7.7164889e+000	
 -7.5308483e+000	
 -7.3430550e+000	
 -7.1531459e+000	
 -6.9611586e+000	
 -6.7671312e+000	
 -6.5711024e+000	
 -6.3731113e+000	
 -6.1731976e+000	
 -5.9714018e+000	
 -5.7677645e+000	
 -5.5623272e+000	
 -5.3551315e+000	
 -5.1462199e+000	
 -4.9356351e+000	
 -4.7234206e+000	
 -4.5096200e+000	
 -4.2942776e+000	
 -4.0774381e+000	
 -3.8591467e+000	
 -3.6394490e+000	
 -3.4183911e+000	
 -3.1960193e+000	
 -2.9723805e+000	
 -2.7475222e+000	
 -2.5214918e+000	
 -2.2943375e+000	
 -2.0661077e+000	
 -1.8368511e+000	
 -1.6066171e+000	
 -1.3754551e+000	
 -1.1434148e+000	
 -9.1054655e-001	
 -6.7690077e-001	
 -4.4252825e-001	
 -2.0748009e-001	
  2.8192342e-002	
  2.6443739e-001	
  5.0120313e-001	
  7.3843740e-001	
  9.7608779e-001	
  1.2141016e+000	
  1.4524261e+000	
  1.6910080e+000	
  1.9297942e+000	
  2.1687311e+000	
  2.4077651e+000	
  2.6468424e+000	
  2.8859090e+000	
  3.1249107e+000	
  3.3637932e+000	
  3.6025023e+000	
  3.8409833e+000	
  4.0791817e+000	
  4.3170426e+000	
  4.5545114e+000	
  4.7915331e+000	
  5.0280529e+000	
  5.2640156e+000	
  5.4993663e+000	
  5.7340499e+000	
  5.9680112e+000	
  6.2011952e+000	
  6.4335467e+000	
  6.6650105e+000	
  6.8955317e+000	
  7.1250549e+000	
  7.3535252e+000	
  7.5808876e+000	
  7.8070869e+000	
  8.0320682e+000	
  8.2557765e+000	
  8.4781571e+000	
  8.6991550e+000	
  8.9187156e+000	
  9.1367840e+000	
  9.3533057e+000	
  9.5682260e+000	
  9.7814905e+000	
  9.9930446e+000	
  1.0202834e+001	
  1.0410804e+001	
  1.0616901e+001	
  1.0821070e+001	
  1.1023256e+001	
  1.1223407e+001	
  1.1421466e+001	
  1.1617380e+001	
  1.1811094e+001	
  1.2002554e+001	
  1.2191705e+001	
  1.2378492e+001	
  1.2562859e+001	
  1.2744751e+001	
  1.2924112e+001	
  1.3100886e+001	
  1.3275016e+001	
  1.3446445e+001	
  1.3615113e+001	
  1.3780963e+001	
  1.3943933e+001	
  1.4103962e+001	
  1.4260989e+001	
  1.4414948e+001	
  1.4565773e+001	
  1.4713398e+001	
  1.4857750e+001	
  1.4998758e+001	
  1.5136344e+001	
  1.5270431e+001	
  1.5400934e+001	
  1.5527765e+001	
  1.5650833e+001	
  1.5770037e+001	
  1.5885275e+001	
  1.5996433e+001	
  1.6103392e+001	
  1.6206022e+001	
  1.6304184e+001	
  1.6397726e+001	
  1.6486486e+001	
  1.6570284e+001	
  1.6648927e+001	
  1.6722200e+001	
  1.6789873e+001	
  1.6851690e+001	
  1.6907370e+001	
  1.6956608e+001	
  1.6999065e+001	
  1.7034370e+001	
  1.7062118e+001	
  1.7081862e+001	
  1.7093111e+001	
  1.7095330e+001	
  1.7087933e+001	
  1.7070281e+001	
  1.7041681e+001	
  1.7001381e+001	
  1.6948569e+001	
  1.6882375e+001	
  1.6801870e+001	
  1.6706069e+001	
  1.6593935e+001	
  1.6464391e+001	
  1.6316326e+001	
  1.6148613e+001	
  1.5960128e+001	
  1.5749775e+001	
  1.5516514e+001	
  1.5259399e+001	
  1.4977613e+001	
  1.4670523e+001	
  1.4337721e+001	
  1.3979077e+001	
  1.3594797e+001	
  1.3185463e+001	
  1.2752084e+001	
  1.2296124e+001	
  1.1819520e+001	
  1.1324685e+001	
  1.0814486e+001	
  1.0292200e+001	
  9.7614452e+000	
  9.2260919e+000	
  8.6901561e+000	
  8.1576782e+000	
  7.6325988e+000	
  7.1186369e+000	
  6.6191790e+000	
  6.1371876e+000	
  5.6751323e+000	
  5.2349482e+000	
  4.8180211e+000	
  4.4251991e+000	
  4.0568253e+000	
  3.7127879e+000	
  3.3925826e+000	
  3.0953807e+000	
  2.8200984e+000	
  2.5654650e+000	
  2.3300841e+000	
  2.1124888e+000	
  1.9111875e+000	
  1.7247022e+000	
  1.5515978e+000	
  1.3905037e+000	
  1.2401298e+000	
  1.0992758e+000	
  9.6683618e-001	
  8.4180230e-001	
  7.2326060e-001	
  6.1038956e-001	
  5.0245495e-001	
  3.9880419e-001	
  2.9886025e-001	
  2.0211531e-001	
  1.0812441e-001	
  1.6499355e-002	
 -7.3097195e-002	
 -1.6095718e-001	
 -2.4733223e-001	
 -3.3243834e-001	
 -4.1646013e-001	
 -4.9955462e-001	
 -5.8185475e-001	
 -6.6347235e-001	
 -7.4450098e-001	
 -8.2501825e-001	
 -9.0508798e-001	
 -9.8476208e-001	
 -1.0640822e+000	
 -1.1430811e+000	
 -1.2217840e+000	
 -1.3002095e+000	
 -1.3783707e+000	
 -1.4562759e+000	
 -1.5339294e+000	
 -1.6113319e+000	
 -1.6884814e+000	
 -1.7653731e+000	
 -1.8420004e+000	
 -1.9183547e+000	
 -1.9944261e+000	
 -2.0702033e+000	
 -2.1456740e+000	
 -2.2208249e+000	
 -2.2956423e+000	
 -2.3701115e+000	
 -2.4442176e+000	
 -2.5179452e+000	
 -2.5912786e+000	
 -2.6642017e+000	
 -2.7366984e+000	
 -2.8087523e+000	
 -2.8803470e+000	
 -2.9514659e+000	
 -3.0220923e+000	
 -3.0922098e+000	
 -3.1618015e+000	
 -3.2308509e+000	
 -3.2993414e+000	
 -3.3672564e+000	
 -3.4345793e+000	
 -3.5012938e+000	
 -3.5673834e+000	
 -3.6328318e+000	
 -3.6976229e+000	
 -3.7617404e+000	
 -3.8251684e+000	
 -3.8878909e+000	
 -3.9498922e+000	
 -4.0111565e+000	
 -4.0716683e+000	
 -4.1314122e+000	
 -4.1903728e+000	
 -4.2485350e+000	
 -4.3058837e+000	
 -4.3624040e+000	
 -4.4180813e+000	
 -4.4729009e+000	
 -4.5268483e+000	
 -4.5799094e+000	
 -4.6320700e+000	
 -4.6833162e+000	
 -4.7336341e+000	
 -4.7830103e+000	
 -4.8314313e+000	
 -4.8788837e+000	
 -4.9253547e+000	
 -4.9708313e+000	
 -5.0153009e+000	
 -5.0587509e+000	
 -5.1011692e+000	
 -5.1425435e+000	
 -5.1828621e+000	
 -5.2221133e+000	
 -5.2602856e+000	
 -5.2973678e+000	
 -5.3333489e+000	
 -5.3682180e+000	
 -5.4019646e+000	
 -5.4345784e+000	
 -5.4660491e+000	
 -5.4963670e+000	
 -5.5255223e+000	
 -5.5535057e+000	
 -5.5803079e+000	
 -5.6059200e+000	
 -5.6303334e+000	
 -5.6535395e+000	
 -5.6755303e+000	
 -5.6962977e+000	
 -5.7158341e+000	
 -5.7341320e+000	
 -5.7511844e+000	
 -5.7669842e+000	
 -5.7815248e+000	
 -5.7947999e+000	
 -5.8068034e+000	
 -5.8175294e+000	
 -5.8269724e+000	
 -5.8351271e+000	
 -5.8419885e+000	
 -5.8475519e+000	
 -5.8518127e+000	
 -5.8547669e+000	
 -5.8564106e+000	
 -5.8567401e+000	
 -5.8557522e+000	
 -5.8534438e+000	
 -5.8498122e+000	
 -5.8448549e+000	
 -5.8385699e+000	
 -5.8309552e+000	
 -5.8220093e+000	
 -5.8117309e+000	
 -5.8001191e+000	
 -5.7871731e+000	
 -5.7728927e+000	
 -5.7572777e+000	
 -5.7403283e+000	
 -5.7220451e+000	
 -5.7024290e+000	
 -5.6814810e+000	
 -5.6592025e+000	
 -5.6355954e+000	
 -5.6106616e+000	
 -5.5844036e+000	
 -5.5568238e+000	
 -5.5279254e+000	
 -5.4977115e+000	
 -5.4661857e+000	
 -5.4333519e+000	
 -5.3992142e+000	
 -5.3637771e+000	
 -5.3270454e+000	
 -5.2890242e+000	
 -5.2497187e+000	
 -5.2091348e+000	
 -5.1672784e+000	
 -5.1241558e+000	
 -5.0797736e+000	
 -5.0341386e+000	
 -4.9872581e+000	
 -4.9391395e+000	
 -4.8897906e+000	
 -4.8392195e+000	
 -4.7874345e+000	
 -4.7344444e+000	
 -4.6802580e+000	
 -4.6248846e+000	
 -4.5683339e+000	
 -4.5106155e+000	
 -4.4517397e+000	
 -4.3917167e+000	
 -4.3305574e+000	
 -4.2682726e+000	
 -4.2048736e+000	
 -4.1403720e+000	
 -4.0747795e+000	
 -4.0081083e+000	
 -3.9403706e+000	
 -3.8715792e+000	
 -3.8017468e+000	
 -3.7308867e+000	
 -3.6590123e+000	
 -3.5861372e+000	
 -3.5122754e+000	
 -3.4374411e+000	
 -3.3616487e+000	
 -3.2849131e+000	
 -3.2072490e+000	
 -3.1286717e+000	
 -3.0491967e+000	
 -2.9688397e+000	
 -2.8876165e+000	
 -2.8055433e+000	
 -2.7226365e+000	
 -2.6389128e+000	
 -2.5543889e+000	
 -2.4690820e+000	
 -2.3830093e+000	
 -2.2961883e+000	
 -2.2086367e+000	
 -2.1203725e+000	
 -2.0314137e+000	
 -1.9417788e+000	
 -1.8514861e+000	
 -1.7605545e+000	
 -1.6690029e+000	
 -1.5768503e+000	
 -1.4841161e+000	
 -1.3908196e+000	
 -1.2969806e+000	
 -1.2026187e+000	
 -1.1077541e+000	
 -1.0124068e+000	
 -9.1659718e-001	
 -8.2034560e-001	
 -7.2367270e-001	
 -6.2659923e-001	
 -5.2914607e-001	
 -4.3133425e-001	
 -3.3318493e-001	
 -2.3471940e-001	
 -1.3595908e-001	
 -3.6925490e-002	
  6.2359709e-002	
  1.6187476e-001	
  2.6159780e-001	
  3.6150685e-001	
  4.6157985e-001	
  5.6179465e-001	
  6.6212900e-001	
  7.6256056e-001	
  8.6306694e-001	
  9.6362565e-001	
  1.0642141e+000	
  1.1648098e+000	
  1.2653900e+000	
  1.3659319e+000	
  1.4664129e+000	
  1.5668100e+000	
  1.6671005e+000	
  1.7672614e+000	
  1.8672699e+000	
  1.9671029e+000	
  2.0667376e+000	
  2.1661509e+000	
  2.2653199e+000	
  2.3642217e+000	
  2.4628331e+000	
  2.5611312e+000	
  2.6590932e+000	
  2.7566959e+000	
  2.8539166e+000	
  2.9507323e+000	
  3.0471202e+000	
  3.1430574e+000	
  3.2385211e+000	
  3.3334887e+000	
  3.4279375e+000	
  3.5218448e+000	
  3.6151880e+000	
  3.7079448e+000	
  3.8000927e+000	
  3.8916094e+000	
  3.9824726e+000	
  4.0726602e+000	
  4.1621501e+000	
  4.2509205e+000	
  4.3389493e+000	
  4.4262150e+000	
  4.5126959e+000	
  4.5983705e+000	
  4.6832174e+000	
  4.7672154e+000	
  4.8503434e+000	
  4.9325804e+000	
  5.0139057e+000	
  5.0942986e+000	
  5.1737386e+000	
  5.2522053e+000	
  5.3296787e+000	
  5.4061386e+000	
  5.4815653e+000	
  5.5559392e+000	
  5.6292409e+000	
  5.7014510e+000	
  5.7725505e+000	
  5.8425207e+000	
  5.9113428e+000	
  5.9789984e+000	
  6.0454693e+000	
  6.1107376e+000	
  6.1747854e+000	
  6.2375953e+000	
  6.2991500e+000	
  6.3594324e+000	
  6.4184257e+000	
  6.4761134e+000	
  6.5324792e+000	
  6.5875071e+000	
  6.6411812e+000	
  6.6934861e+000	
  6.7444065e+000	
  6.7939276e+000	
  6.8420346e+000	
  6.8887132e+000	
  6.9339492e+000	
  6.9777290e+000	
  7.0200389e+000	
  7.0608659e+000	
  7.1001970e+000	
  7.1380196e+000	
  7.1743216e+000	
  7.2090909e+000	
  7.2423160e+000	
  7.2739855e+000	
  7.3040886e+000	
  7.3326146e+000	
  7.3595533e+000	
  7.3848947e+000	
  7.4086291e+000	
  7.4307475e+000	
  7.4512409e+000	
  7.4701007e+000	
  7.4873188e+000	
  7.5028874e+000	
  7.5167990e+000	
  7.5290466e+000	
  7.5396234e+000	
  7.5485232e+000	
  7.5557400e+000	
  7.5612681e+000	
  7.5651025e+000	
  7.5672382e+000	
  7.5676710e+000	
  7.5663966e+000	
  7.5634116e+000	
  7.5587126e+000	
  7.5522967e+000	
  7.5441616e+000	
  7.5343051e+000	
  7.5227255e+000	
  7.5094217e+000	
  7.4943927e+000	
  7.4776380e+000	
  7.4591575e+000	
  7.4389517e+000	
  7.4170212e+000	
  7.3933672e+000	
  7.3679912e+000	
  7.3408951e+000	
  7.3120813e+000	
  7.2815525e+000	
  7.2493119e+000	
  7.2153630e+000	
  7.1797097e+000	
  7.1423564e+000	
  7.1033078e+000	
  7.0625691e+000	
  7.0201457e+000	
  6.9760436e+000	
  6.9302692e+000	
  6.8828290e+000	
  6.8337302e+000	
  6.7829803e+000	
  6.7305871e+000	
  6.6765588e+000	
  6.6209041e+000	
  6.5636319e+000	
  6.5047516e+000	
  6.4442730e+000	
  6.3822061e+000	
  6.3185614e+000	
  6.2533497e+000	
  6.1865822e+000	
  6.1182705e+000	
  6.0484265e+000	
  5.9770624e+000	
  5.9041908e+000	
  5.8298247e+000	
  5.7539773e+000	
  5.6766624e+000	
  5.5978938e+000	
  5.5176860e+000	
  5.4360535e+000	
  5.3530113e+000	
  5.2685747e+000	
  5.1827594e+000	
  5.0955813e+000	
  5.0070567e+000	
  4.9172021e+000	
  4.8260346e+000	
  4.7335713e+000	
  4.6398297e+000	
  4.5448278e+000	
  4.4485836e+000	
  4.3511157e+000	
  4.2524427e+000	
  4.1525838e+000	
  4.0515583e+000	
  3.9493859e+000	
  3.8460865e+000	
  3.7416803e+000	
  3.6361879e+000	
  3.5296301e+000	
  3.4220280e+000	
  3.3134029e+000	
  3.2037765e+000	
  3.0931707e+000	
  2.9816077e+000	
  2.8691100e+000	
  2.7557002e+000	
  2.6414014e+000	
  2.5262368e+000	
  2.4102298e+000	
  2.2934043e+000	
  2.1757841e+000	
  2.0573936e+000	
  1.9382571e+000	
  1.8183993e+000	
  1.6978453e+000	
  1.5766200e+000	
  1.4547489e+000	
  1.3322576e+000	
  1.2091717e+000	
  1.0855174e+000	
  9.6132067e-001	
  8.3660804e-001	
  7.1140601e-001	
  5.8574134e-001	
  4.5964093e-001	
  3.3313189e-001	
  2.0624146e-001	
  7.8997056e-002	
 -4.8573743e-002	
 -1.7644323e-001	
 -3.0458353e-001	
 -4.3296667e-001	
 -5.6156452e-001	
 -6.9034882e-001	
 -8.1929122e-001	
 -9.4836324e-001	
 -1.0775363e+000	
 -1.2067817e+000	
 -1.3360707e+000	
 -1.4653745e+000	
 -1.5946640e+000	
 -1.7239103e+000	
 -1.8530844e+000	
 -1.9821570e+000	
 -2.1110990e+000	
 -2.2398812e+000	
 -2.3684743e+000	
 -2.4968490e+000	
 -2.6249759e+000	
 -2.7528257e+000	
 -2.8803690e+000	
 -3.0075765e+000	
 -3.1344188e+000	
 -3.2608665e+000	
 -3.3868903e+000	
 -3.5124608e+000	
 -3.6375488e+000	
 -3.7621249e+000	
 -3.8861600e+000	
 -4.0096248e+000	
 -4.1324903e+000	
 -4.2547273e+000	
 -4.3763069e+000	
 -4.4972001e+000	
 -4.6173781e+000	
 -4.7368122e+000	
 -4.8554736e+000	
 -4.9733339e+000	
 -5.0903646e+000	
 -5.2065372e+000	
 -5.3218238e+000	
 -5.4361960e+000	
 -5.5496260e+000	
 -5.6620860e+000	
 -5.7735484e+000	
 -5.8839855e+000	
 -5.9933701e+000	
 -6.1016750e+000	
 -6.2088732e+000	
 -6.3149379e+000	
 -6.4198424e+000	
 -6.5235603e+000	
 -6.6260654e+000	
 -6.7273316e+000	
 -6.8273331e+000	
 -6.9260444e+000	
 -7.0234400e+000	
 -7.1194948e+000	
 -7.2141840e+000	
 -7.3074828e+000	
 -7.3993668e+000	
 -7.4898120e+000	
 -7.5787944e+000	
 -7.6662905e+000	
 -7.7522768e+000	
 -7.8367303e+000	
 -7.9196284e+000	
 -8.0009484e+000	
 -8.0806682e+000	
 -8.1587659e+000	
 -8.2352200e+000	
 -8.3100093e+000	
 -8.3831127e+000	
 -8.4545098e+000	
 -8.5241802e+000	
 -8.5921041e+000	
 -8.6582618e+000	
 -8.7226341e+000	
 -8.7852021e+000	
 -8.8459473e+000	
 -8.9048516e+000	
 -8.9618971e+000	
 -9.0170665e+000	
 -9.0703427e+000	
 -9.1217091e+000	
 -9.1711493e+000	
 -9.2186476e+000	
 -9.2641884e+000	
 -9.3077567e+000	
 -9.3493379e+000	
 -9.3889175e+000	
 -9.4264819e+000	
 -9.4620176e+000	
 -9.4955116e+000	
 -9.5269514e+000	
 -9.5563247e+000	
 -9.5836199e+000	
 -9.6088257e+000	
 -9.6319313e+000	
 -9.6529264e+000	
 -9.6718009e+000	
 -9.6885454e+000	
 -9.7031509e+000	
 -9.7156089e+000	
 -9.7259112e+000	
 -9.7340501e+000	
 -9.7400186e+000	
 -9.7438099e+000	
 -9.7454178e+000	
 -9.7448365e+000	
 -9.7420608e+000	
 -9.7370859e+000	
 -9.7299075e+000	
 -9.7205218e+000	
 -9.7089254e+000	
 -9.6951154e+000	
 -9.6790896e+000	
 -9.6608461e+000	
 -9.6403834e+000	
 -9.6177008e+000	
 -9.5927978e+000	
 -9.5656746e+000	
 -9.5363318e+000	
 -9.5047706e+000	
 -9.4709924e+000	
 -9.4349996e+000	
 -9.3967947e+000	
 -9.3563809e+000	
 -9.3137617e+000	
 -9.2689414e+000	
 -9.2219246e+000	
 -9.1727165e+000	
 -9.1213227e+000	
 -9.0677494e+000	
 -9.0120033e+000	
 -8.9540916e+000	
 -8.8940219e+000	
 -8.8318025e+000	
 -8.7674420e+000	
 -8.7009497e+000	
 -8.6323352e+000	
 -8.5616088e+000	
 -8.4887811e+000	
 -8.4138634e+000	
 -8.3368673e+000	
 -8.2578052e+000	
 -8.1766896e+000	
 -8.0935338e+000	
 -8.0083514e+000	
 -7.9211566e+000	
 -7.8319641e+000	
 -7.7407890e+000	
 -7.6476470e+000	
 -7.5525541e+000	
 -7.4555270e+000	
 -7.3565827e+000	
 -7.2557387e+000	
 -7.1530131e+000	
 -7.0484244e+000	
 -6.9419915e+000	
 -6.8337338e+000	
 -6.7236712e+000	
 -6.6118240e+000	
 -6.4982129e+000	
 -6.3828593e+000	
 -6.2657847e+000	
 -6.1470114e+000	
 -6.0265617e+000	
 -5.9044588e+000	
 -5.7807261e+000	
 -5.6553873e+000	
 -5.5284667e+000	
 -5.3999890e+000	
 -5.2699793e+000	
 -5.1384631e+000	
 -5.0054664e+000	
 -4.8710152e+000	
 -4.7351365e+000	
 -4.5978572e+000	
 -4.4592049e+000	
 -4.3192073e+000	
 -4.1778926e+000	
 -4.0352895e+000	
 -3.8914269e+000	
 -3.7463341e+000	
 -3.6000407e+000	
 -3.4525767e+000	
 -3.3039725e+000	
 -3.1542587e+000	
 -3.0034663e+000	
 -2.8516267e+000	
 -2.6987714e+000	
 -2.5449324e+000	
 -2.3901419e+000	
 -2.2344325e+000	
 -2.0778370e+000	
 -1.9203884e+000	
 -1.7621202e+000	
 -1.6030661e+000	
 -1.4432599e+000	
 -1.2827357e+000	
 -1.1215281e+000	
 -9.5967172e-001	
 -7.9720136e-001	
 -6.3415220e-001	
 -4.7055956e-001	
 -3.0645900e-001	
 -1.4188628e-001	
  2.3122641e-002	
  1.8853162e-001	
  3.5430434e-001	
  5.2040428e-001	
  6.8679477e-001	
  8.5343898e-001	
  1.0202999e+000	
  1.1873405e+000	
  1.3545234e+000	
  1.5218112e+000	
  1.6891665e+000	
  1.8565515e+000	
  2.0239287e+000	
  2.1912600e+000	
  2.3585077e+000	
  2.5256337e+000	
  2.6925998e+000	
  2.8593681e+000	
  3.0259003e+000	
  3.1921581e+000	
  3.3581032e+000	
  3.5236974e+000	
  3.6889023e+000	
  3.8536794e+000	
  4.0179906e+000	
  4.1817972e+000	
  4.3450612e+000	
  4.5077439e+000	
  4.6698072e+000	
  4.8312128e+000	
  4.9919223e+000	
  5.1518977e+000	
  5.3111006e+000	
  5.4694932e+000	
  5.6270373e+000	
  5.7836950e+000	
  5.9394285e+000	
  6.0942000e+000	
  6.2479719e+000	
  6.4007066e+000	
  6.5523668e+000	
  6.7029151e+000	
  6.8523144e+000	
  7.0005277e+000	
  7.1475181e+000	
  7.2932489e+000	
  7.4376835e+000	
  7.5807856e+000	
  7.7225190e+000	
  7.8628476e+000	
  8.0017357e+000	
  8.1391475e+000	
  8.2750477e+000	
  8.4094010e+000	
  8.5421725e+000	
  8.6733273e+000	
  8.8028308e+000	
  8.9306488e+000	
  9.0567472e+000	
  9.1810921e+000	
  9.3036498e+000	
  9.4243872e+000	
  9.5432709e+000	
  9.6602683e+000	
  9.7753468e+000	
  9.8884740e+000	
  9.9996179e+000	
  1.0108747e+001	
  1.0215829e+001	
  1.0320834e+001	
  1.0423730e+001	
  1.0524486e+001	
  1.0623073e+001	
  1.0719461e+001	
  1.0813619e+001	
  1.0905518e+001	
  1.0995129e+001	
  1.1082423e+001	
  1.1167371e+001	
  1.1249945e+001	
  1.1330118e+001	
  1.1407860e+001	
  1.1483146e+001	
  1.1555947e+001	
  1.1626237e+001	
  1.1693989e+001	
  1.1759177e+001	
  1.1821775e+001	
  1.1881757e+001	
  1.1939097e+001	
  1.1993771e+001	
  1.2045754e+001	
  1.2095020e+001	
  1.2141546e+001	
  1.2185307e+001	
  1.2226281e+001	
  1.2264442e+001	
  1.2299768e+001	
  1.2332236e+001	
  1.2361823e+001	
  1.2388507e+001	
  1.2412266e+001	
  1.2433079e+001	
  1.2450923e+001	
  1.2465778e+001	
  1.2477623e+001	
  1.2486439e+001	
  1.2492204e+001	
  1.2494900e+001	
  1.2494509e+001	
  1.2491011e+001	
  1.2484389e+001	
  1.2474625e+001	
  1.2461704e+001	
  1.2445610e+001	
  1.2426327e+001	
  1.2403841e+001	
  1.2378140e+001	
  1.2349211e+001	
  1.2317043e+001	
  1.2281625e+001	
  1.2242951e+001	
  1.2201011e+001	
  1.2155801e+001	
  1.2107316e+001	
  1.2055554e+001	
  1.2000514e+001	
  1.1942198e+001	
  1.1880608e+001	
  1.1815751e+001	
  1.1747633e+001	
  1.1676266e+001	
  1.1601662e+001	
  1.1523837e+001	
  1.1442808e+001	
  1.1358596e+001	
  1.1271226e+001	
  1.1180723e+001	
  1.1087118e+001	
  1.0990444e+001	
  1.0890735e+001	
  1.0788032e+001	
  1.0682376e+001	
  1.0573811e+001	
  1.0462386e+001	
  1.0348151e+001	
  1.0231159e+001	
  1.0111467e+001	
  9.9891308e+000	
  9.8642125e+000	
  9.7367738e+000	
  9.6068785e+000	
  9.4745921e+000	
  9.3399810e+000	
  9.2031127e+000	
